(A_1:2.2855551147863555,(B_1:0.8814615944159191,C_1:0.8814615944159191):1.4040935203704366):0.0;
A_1:0.0071174719058653135;
B_1:0.8154918653447798;
