(A_1:2.2730864931579724,(C_1:1.9913906988812715,B_1:1.9913906988812715):0.28169579427670105):0.0;
A_1:1.4607291949249532;
A_1:1.2512719015506926;
A_1:1.1832072498279251;
A_1:1.0904845198092676;
A_1:0.017872103932532468;
B_1:0.4498750288682872;
