(A_1:1.817744797693418,(C_1:0.661143902877718,B_1:0.661143902877718):1.1566008948157):0.0;
A_1:1.4415743992429226;
A_1:1.0772136576625577;
