((B_1:1.025487080335095,C_1:1.025487080335095):1.566884221681931,A_1:2.592371302017026):0.0;
C_1:0.8990689521431972;
B_1:0.8377585906515312;
