(A_1:3.0361608176554062,(C_1:0.6008068243814243,B_1:0.6008068243814243):2.435353993273982):0.0;
A_1:1.4496590287474058;
A_1:0.7464064011312952;
