(A_1:1.9798469761068758,(C_1:0.6607402720996595,B_1:0.6607402720996595):1.3191067040072162):0.0;
A_1:0.34609311874803317;
A_1:0.1054208761321922;
