(B_1:1.9886714199093434,(A_1:1.5089937137272849,C_1:1.5089937137272849):0.4796777061820585):0.0;
A_1:0.16083812729496105;
B_1:0.05206463208008916;
