(A_1:2.6003381056893295,(C_1:0.7408748206028737,B_1:0.7408748206028737):1.8594632850864559):0.0;
A_1:0.8943751329691434;
C_1:0.23944617155803205;
