(A_1:2.3028938145752007,(B_1:1.7849109227614108,C_1:1.7849109227614108):0.51798289181379):0.0;
A_1:1.1945277788291992;
A_1:0.6632697648605466;
A_1:0.30691870948530364;
A_1:0.05720686985477763;
