(((C_1:0.4681613698418656,A_1:0.4681613698418656):2.295725289017734,(F_1:1.6624594517461624,E_1:1.6624594517461624):1.101427207113438):0.5126275391075285,B_1:3.276514197967129):0.0;
E_1:0.41539251825682555;
F_1:0.6046825661972186;
