(((B_1:0.2546187490907374,C_1:0.2546187490907374):1.7972530423806576,D_1:2.0518717914713953):3.0189481301904157,F_1:5.070819921661811):0.0;
(A_1:0.4064314861025819,B_1:0.40643148610258195):0.7161067668041075;
C_1:0.033161801912531264;
F_1:0.5085167086830084;
F_1:0.17924590667001505;
