(E_1:3.5364106832553026,((A_1:0.6964434234397485,(C_1:0.35620867614433294,B_1:0.35620867614433294):0.3402347472954156):0.6307281541607109,D_1:1.3271715776004593):2.2092391056548433):0.0;
E_1:0.3058565627890447;
E_1:0.23373973123890024;
