((((A_1:0.5488187848576045,C_1:0.5488187848576046):0.6090533001166382,B_1:1.1578720849742428):1.335781706389508,D_1:2.4936537913637506):0.08929680486890673,F_1:2.5829505962326573):0.0;
((C_1:0.7223006541874419,A_1:0.7223006541874419):0.09321475982605057,D_1:0.8155154140134926):0.036381947481432975;
B_1:0.32498824556498457;
A_1:0.2048953200716617;
B_1:0.28705869953333724;
D_1:0.678563635625253;
