(E_1:4.505339290352973,(D_1:2.978218027196122,F_1:2.978218027196122):1.527121263156851):0.0;
(C_1:0.566082222801954,A_1:0.5660822228019539):0.8099201221186652;
E_1:0.43216917526041665;
E_1:0.2423588263647578;
F_1:0.4286103552330691;
