(E_1:2.6185772115742374,(D_1:1.260761378040583,(C_1:0.8082162319457432,(A_1:0.3090530054266584,B_1:0.3090530054266585):0.4991632265190847):0.4525451460948398):1.3578158335336543):0.0;
A_1:0.5350379362879256;
E_1:0.9878665767931508;
