E_1:7.165280882766592;
E_1:0.6378678273933558;
