((F_1:3.5124115651230277,(E_1:2.9578684033438694,D_1:2.9578684033438694):0.5545431617791584):3.274986847421118,((J_1:2.3121447749115824,(L_1:1.9318953408283264,K_1:1.9318953408283264):0.38024943408325645):2.2377184574239903,(G_1:1.043681263528276,(H_1:0.5243195416662995,I_1:0.5243195416662995):0.5193617218619767):3.5061819688072973):2.237535180208573):0.0;
B_1:3.3550329974121924;
(D_1:0.8642981330807106,((B_1:0.21542434184218376,C_1:0.21542434184218376):0.5830399563195663,A_1:0.79846429816175):0.06583383491896053):1.0906402026016577;
D_1:0.8168614516094814;
B_1:0.2895763994068934;
B_1:0.2689439346821573;
D_1:0.4890130262244723;
(L_1:2.3851765648782566,(G_1:0.9680950274680196,(H_1:0.6729791179981262,I_1:0.6729791179981262):0.29511590946989347):1.4170815374102368):2.0682581965955746;
(L_1:1.9774187467008026,K_1:1.9774187467008026):2.23580495842337;
(K_1:1.6563245752757831,L_1:1.6563245752757831):1.2901455933696644;
(((H_1:0.5717838995660882,I_1:0.5717838995660882):0.04024800136354965,G_1:0.6120319009296379):0.3356982218150515,J_1:0.9477301227446894):0.7736478022490217;
J_1:1.6078828021079463;
G_1:0.3525012302074003;
G_1:0.13053087666640556;
I_1:0.2662835380956915;
J_1:0.6975478324031781;
J_1:0.6929344711500981;
J_1:0.620176991236525;
L_1:0.5093758432007773;
