((F_1:2.71882628212725,(A_1:1.4054612524431316,(D_1:1.2982128517828095,(B_1:0.6244803829971095,C_1:0.6244803829971095):0.6737324687856999):0.10724840066032197):1.313365029684119):6.243247806916694,(G_1:1.014783768800674,(I_1:0.9440900949494411,J_1:0.9440900949494411):0.07069367385123305):7.947290320243269):0.0;
(F_1:2.6427028913263735,((C_1:0.28142468316963976,B_1:0.28142468316963976):1.6079443962795117,(A_1:0.9885064516790993,D_1:0.9885064516790993):0.9008626277700522):0.7533338118772217):2.48526462382837;
(((B_1:0.8143774976775402,D_1:0.8143774976775402):0.5044572598408209,C_1:1.3188347575183612):0.6269267712798201,A_1:1.9457615287981813):3.0857955754473654;
((A_1:0.9006798792588618,(B_1:0.21371075680943608,C_1:0.21371075680943608):0.6869691224494258):0.8881053774935698,D_1:1.7887852567524316):2.6213506555981034;
(D_1:1.1902214817568442,(B_1:0.2599698743683144,C_1:0.2599698743683144):0.9302516073885296):2.438692363920321;
E_1:2.9006253644510274;
A_1:0.08833764150407433;
B_1:0.01926397619848741;
D_1:0.5649988573324864;
E_1:1.537953027374944;
F_1:1.216327579118888;
E_1:0.14654366243145311;
E_1:0.0408049262679947;
F_1:0.5893209509690897;
H_1:0.4000083424323025;
