J_1:7.386557787911443;
J_1:0.7285765864038969;
