(((K_1:1.7165002368961753,L_1:1.7165002368961753):1.098978655211144,(G_1:2.046331682776958,J_1:2.046331682776958):0.7691472093303613):5.176895777406907,E_1:7.992374669514227):0.0;
L_1:1.6817867230398158;
K_1:1.348689206597782;
L_1:0.5053907567947207;
