(((A_1:1.3902343012768317,(B_1:0.9799625024592081,C_1:0.9799625024592081):0.4102717988176236):0.8203823689998408,D_1:2.2106166702766723):3.9999605780415797,K_1:6.210577248318253):0.0;
C_1:3.6214871836964937;
B_1:0.1438392111777167;
K_1:1.0434568930146009;
