(I_1:1.060217413713363,J_1:1.060217413713363):5.514062000727989;
((G_1:0.8223496885028692,(H_1:0.6342520992048621,I_1:0.6342520992048621):0.18809758929800693):0.6997063609376875,J_1:1.5220560494405566):0.7753096070572507;
(H_1:0.9563635365283534,I_1:0.9563635365283534):1.1308545934936203;
H_1:0.14311362385629223;
H_1:0.0031335123745305227;
I_1:0.1713699792499636;
J_1:0.7224004504924941;
J_1:0.6894774190926507;
