(L_1:2.6147617810040393,((I_1:0.6632734353338505,H_1:0.6632734353338505):0.057375735120850195,G_1:0.7206491704547006):1.8941126105493389):2.93902872687741;
H_1:0.20873259301221606;
I_1:0.03261130607426871;
