E_1:6.753057385367592;
(E_1:1.0483578670054567,F_1:1.0483578670054567):2.766454069426225;
((C_1:0.5982534205663061,A_1:0.598253420566306):2.82839015338218,((F_1:1.941091738134468,E_1:1.941091738134468):0.4380382051423656,(D_1:1.3842203438004754,B_1:1.3842203438004754):0.994909599476358):1.0475136306716528):0.10666145836671248;
(F_1:1.261966196249908,E_1:1.261966196249908):1.1692649291873995;
E_1:1.2436223412791705;
F_1:1.0924401540747737;
E_1:0.24233717864707516;
F_1:0.6876989100431659;
