(L_1:2.6378439358501744,(I_1:1.1862258546296107,(J_1:1.022338814782884,(H_1:0.30935769191693285,G_1:0.3093576919169328):0.7129811228659511):0.16388703984672662):1.4516180812205637):2.6888695071637585;
((I_1:0.9445034492631779,J_1:0.9445034492631778):0.181097932083576,H_1:1.1256013813467538):3.660486133767572;
((J_1:0.9264952568326978,H_1:0.9264952568326978):0.06709873780888746,(G_1:0.6216049406984732,I_1:0.6216049406984732):0.37198905394311205):2.879008295736299;
J_1:0.9142070212495652;
J_1:0.7020775024442083;
J_1:0.4237221995393458;
J_1:0.23567276379525692;
J_1:0.006588494805247702;
L_1:1.3155846632311394;
L_1:0.8426149208570362;
