(J_1:5.81965555313259,((E_1:2.6010571198474732,((A_1:0.9403221456144623,C_1:0.9403221456144623):1.6202517518807844,F_1:2.5605738974952463):0.0404832223522267):0.023685654330812978,D_1:2.6247427741782867):3.194912778954304):0.0;
(D_1:1.1192240190078642,(C_1:0.43895943747678456,(B_1:0.41165406569440094,A_1:0.4116540656944009):0.027305371782383615):0.6802645815310795):0.432512808234534;
((C_1:0.21764211657241475,B_1:0.21764211657241475):0.2873003576179477,A_1:0.5049424741903624):0.25267774554569666;
E_1:1.2199953938051542;
F_1:1.1174110680881284;
E_1:0.8017771595482338;
F_1:0.47019269548878206;
K_1:5.004779993889522;
(L_1:2.8035063398661175,J_1:2.8035063398661175):1.3119901013445934;
(L_1:2.87268928895417,(((H_1:0.4458132803051888,I_1:0.4458132803051888):0.5066496763354074,G_1:0.9524629566405961):0.24749313340276635,J_1:1.1999560900433623):1.6727331989108079):0.7935184169048184;
(I_1:0.9895605467506956,J_1:0.9895605467506956):0.5628508395259029;
J_1:1.046992496176764;
H_1:0.039227374426497874;
J_1:0.46582720739632383;
L_1:0.8336523882179776;
L_1:0.1871735656471698;
