(((A_1:0.44884242544816955,B_1:0.44884242544816966):0.3473700725550022,C_1:0.7962124980031718):0.3963920637622882,D_1:1.1926045617654601):3.4363885705869146;
(D_1:2.135793378823233,(C_1:1.0539712058145054,(A_1:0.3994889105957712,B_1:0.39948891059577124):0.6544822952187341):1.0818221730087276):1.1524322898618204;
D_1:1.1218294284369275;
B_1:1.0925743270053918;
B_1:0.15811914877011854;
D_1:0.052499029248235685;
E_1:0.9260585862673737;
