F_1:3.1008375421440375;
(B_1:0.8430336159534099,A_1:0.8430336159534099):1.6709734546414965;
D_1:1.0643492913991255;
E_1:2.218232038374182;
F_1:1.3768605237180156;
E_1:0.5937994635851442;
E_1:0.37697360174861816;
(((G_1:0.489524395391937,I_1:0.48952439539193704):0.35895809890831165,J_1:0.8484824943002487):0.3192851407996757,H_1:1.1677676350999244):3.6052786501537017;
