(L_1:5.687661598458545,((E_1:1.474778953417128,F_1:1.474778953417128):2.727765938600152,((C_1:1.1389167438530539,A_1:1.1389167438530539):2.57862743515613,D_1:3.7175441790091837):0.48500071300809666):1.4851167064412645):0.0;
A_1:0.25035929285823;
(E_1:1.0319260381200388,F_1:1.0319260381200388):1.0513593600104365;
E_1:1.1958981064421608;
(H_1:0.7871124335442041,I_1:0.7871124335442041):2.910513087837917;
(G_1:0.8714019080109526,H_1:0.8714019080109526):1.3207590376762153;
G_1:0.6061475325470801;
(K_1:1.4321936220739286,L_1:1.4321936220739286):0.44977595941694637;
(K_1:1.4697614248096,L_1:1.4697614248096):0.23807114420474695;
K_1:0.8495123630512784;
K_1:0.6965780034593907;
L_1:0.9675495872825023;
L_1:0.33806803061360347;
L_1:0.15323036077404806;
L_1:0.06643073523815202;
