((J_1:2.501715158744256,(G_1:0.7430922873148582,(H_1:0.29275800917529016,I_1:0.29275800917529016):0.450334278139568):1.758622871429398):5.235674621331949,((B_1:0.4425333545323224,C_1:0.4425333545323224):5.971950072054917,(E_1:1.4444484775228583,F_1:1.4444484775228583):4.970034949064381):1.3229063534889658):0.0;
A_1:0.3910256754394372;
F_1:0.42065077379399207;
F_1:0.11609156453147229;
H_1:2.046736142226095;
G_1:0.9022153491399509;
(I_1:0.5731396143387296,(H_1:0.49807215497234114,G_1:0.49807215497234103):0.07506745936638845):0.12373059009501763;
G_1:0.25460097121530434;
J_1:0.6331315937297635;
