(L_1:1.6687882533155465,K_1:1.6687882533155465):5.133548869214785;
K_1:2.140599402977685;
K_1:1.9279133572858824;
L_1:1.5321496100735452;
