(D_1:1.6788883097409735,(B_1:1.2593063271626648,C_1:1.2593063271626648):0.41958198257830864):3.7381389818159794;
B_1:0.8513336865052765;
A_1:0.7830020427388122;
A_1:0.27345925196015874;
