((I_1:0.3606394749033495,G_1:0.36063947490334947):2.8290879927320933,(K_1:2.5402103866750116,(J_1:1.7029503544605933,H_1:1.7029503544605933):0.8372600322144185):0.6495170809604311):2.4956206791608264;
((C_1:0.5081185885693724,A_1:0.5081185885693724):0.2770115530327221,B_1:0.7851301416020946):3.154732082988527;
(A_1:0.9141109605801173,(C_1:0.34396903914947563,B_1:0.34396903914947563):0.5701419214306417):2.6881558123169618;
(J_1:2.5415815788380276,(H_1:1.3476455227180364,(I_1:0.8343754685000554,G_1:0.8343754685000554):0.513270054217981):1.1939360561199914):0.8684333729986582;
J_1:1.1959235375464927;
I_1:0.9616892996747088;
H_1:0.5789617619958227;
G_1:0.5146090304960869;
J_1:0.026623544731934512;
K_1:0.12182335913394404;
