(((((G_1:0.37230469980209485,H_1:0.3723046998020949):0.8815828637206973,I_1:1.2538875635227922):0.7621846924791671,J_1:2.0160722560019595):0.39237051410239016,K_1:2.4084427701043496):3.320739151225888,E_1:5.7291819213302375):0.0;
K_1:4.653072273525073;
L_1:1.1640033618714627;
