(E_1:5.812736382784505,(L_1:2.6271738439580288,((H_1:0.6378429739712546,I_1:0.6378429739712546):1.5608328721262392,(J_1:1.409274700331451,G_1:1.409274700331451):0.7894011457660429):0.4284979978605349):3.1855625388264754):0.0;
(L_1:1.49711441222027,K_1:1.49711441222027):1.6863794993088648;
J_1:0.22153182814799388;
J_1:0.07606532485223849;
K_1:0.9207710611954546;
K_1:0.19999170080134543;
