((A_1:1.2328313268705324,(B_1:0.39657966486063817,C_1:0.39657966486063817):0.8362516620098942):2.419510544405063,F_1:3.6523418712755955):3.110578742009821;
A_1:0.1609500441042945;
F_1:0.04475071939801678;
