(L_1:2.7891066546470507,K_1:2.7891066546470507):2.9707852656422458;
L_1:2.3226855910147375;
L_1:1.5524843972088558;
L_1:0.8561099006947152;
