((L_1:1.9218836182944452,K_1:1.9218836182944452):0.5286807733716348,(J_1:0.9202218897921833,(H_1:0.682642052766334,(G_1:0.674060194117717,I_1:0.6740601941177171):0.008581858648616934):0.2375798370258494):1.5303425018738965):5.52871951257192;
(H_1:1.7134024142471145,(G_1:1.1341862533333593,J_1:1.1341862533333595):0.5792161609137549):2.4401764949781573;
((I_1:0.41280737215085217,H_1:0.41280737215085217):1.6503058132886586,J_1:2.0631131854395104):1.5955757364583651;
(L_1:1.7784470346656143,K_1:1.7784470346656143):0.7977461119427169;
I_1:1.9472984613722921;
(G_1:0.7481597826932899,(H_1:0.35870114969363254,I_1:0.35870114969363254):0.38945863299965733):0.19285888032915677;
H_1:0.7132385672689061;
G_1:0.18940084240649507;
J_1:0.7722011586580343;
J_1:0.10132001378846145;
L_1:2.1063442555583327;
K_1:0.6649908784952285;
L_1:0.7772684089299341;
L_1:0.23874506604740564;
