E_1:5.4263007005954975;
((A_1:0.5213773241411368,C_1:0.5213773241411369):2.08182592662518,D_1:2.6032032507663168):1.0164017194253088;
E_1:0.7450645371347466;
((((H_1:0.600746007753288,I_1:0.600746007753288):0.005215518920315508,G_1:0.6059615266736035):0.3217134870963924,J_1:0.927675013769996):1.4712979360765206,L_1:2.398972949846516):2.1614603428121484;
(K_1:2.329930529057716,L_1:2.329930529057716):0.41769312182357776;
G_1:0.12921238733836898;
L_1:2.05966109425428;
L_1:1.9141140001930301;
(L_1:1.2972422422771848,K_1:1.2972422422771848):0.6108234721973318;
K_1:1.8909918890656257;
(K_1:1.1730801230838797,L_1:1.1730801230838797):0.08557163986347027;
K_1:0.011820613503229493;
L_1:0.7136867723322184;
L_1:0.5010765395235037;
L_1:0.36829398387575774;
L_1:0.2814777222128002;
L_1:0.2001346345135655;
