G_1:6.934125733875458;
J_1:4.054857319561218;
H_1:1.7810996598943354;
G_1:1.076092135061143;
G_1:0.9479450908623559;
((G_1:0.486621098764754,I_1:0.4866210987647541):0.06853067013835218,H_1:0.5551517689031062):0.2221964930130491;
G_1:0.4445837055770652;
J_1:0.2667230934421627;
K_1:0.6313525290245483;
