(((F_1:1.4975076584243658,E_1:1.4975076584243658):1.6183783515534955,((D_1:0.9479239377965877,(C_1:0.3767306770589699,A_1:0.37673067705896984):0.5711932607376178):2.1645177627500436,B_1:3.1124417005466314):0.003444309431230193):6.148862041571169,K_1:9.264748051549029):0.0;
(((B_1:1.1161969118594277,D_1:1.1161969118594277):0.061586204479701985,(C_1:0.5975525536547079,A_1:0.5975525536547078):0.5802305626844219):1.2540804019336917,(E_1:1.0519713992808197,F_1:1.0519713992808197):1.3798921189920017):0.5240701743721075;
D_1:2.316633897862101;
D_1:2.2218180500441456;
C_1:0.8681301036850584;
D_1:0.8590417122295895;
C_1:0.23840972681073436;
C_1:0.15111080757261092;
D_1:0.1723258128041949;
E_1:0.9012940060547259;
E_1:0.22589193321627743;
(G_1:0.9109898174529947,J_1:0.9109898174529947):1.070327985940824;
((H_1:0.20317967726034683,I_1:0.20317967726034683):0.9663524301857543,J_1:1.1695321074461011):0.7064266975114923;
(G_1:0.43393644078095317,I_1:0.4339364407809532):0.8759532022079033;
G_1:0.08799566305272291;
K_1:0.20890532855048827;
