F_1:5.765821506160274;
E_1:2.05789210894227;
E_1:1.978158078265631;
E_1:0.6107313696250762;
F_1:0.23605613515203983;
