((((J_1:1.4366739774100747,G_1:1.4366739774100747):0.9438372488768275,L_1:2.380511226286902):0.14185297141497125,K_1:2.522364197701873):5.931842360123527,((A_1:0.3088198768971551,C_1:0.3088198768971552):0.5137666040986574,D_1:0.8225864809958126):7.631620076829588):0.0;
(F_1:2.648243760791747,((B_1:0.9417802427295172,(A_1:0.8997331611452309,D_1:0.8997331611452309):0.04204708158428625):1.5893074712505626,C_1:2.5310877139800794):0.11715604681166726):0.4740439401687855;
A_1:1.0348145304180303;
C_1:0.8655061367337802;
K_1:4.325144883195948;
L_1:4.1826908141010755;
L_1:4.157373958409539;
(K_1:2.619276336714885,(J_1:2.3235193680783173,I_1:2.3235193680783177):0.29575696863656764):1.4291602529064753;
((H_1:1.0729942416307612,G_1:1.0729942416307612):0.5998765217179605,J_1:1.6728707633487216):2.1678066759593975;
((H_1:0.7136024741764129,I_1:0.7136024741764129):0.16933109129374063,G_1:0.8829335654701536):1.0439305609302592;
((I_1:0.4956897486850642,H_1:0.4956897486850642):0.20107250804679727,G_1:0.6967622567318614):0.8420844308469606;
J_1:0.43272859678655246;
(L_1:1.3949749404112712,K_1:1.3949749404112712):0.7512276984709165;
L_1:1.2483391356226323;
K_1:1.2053338147458197;
K_1:0.24297974209125606;
K_1:0.000903005369102261;
L_1:0.5338600733725128;
L_1:0.14115147928277216;
L_1:0.10769766265664993;
L_1:0.08744129438975734;
