F_1:5.835670981228028;
((D_1:1.072502309858012,(A_1:0.3614771790725108,C_1:0.36147717907251087):0.7110251307855011):0.6944340378452422,B_1:1.766936347703254):1.2582439030893298;
(F_1:1.002481026280806,E_1:1.002481026280806):0.5605016086218746;
E_1:0.9580837982413758;
E_1:0.61332545609674;
