(G_1:1.8787565108430948,I_1:1.878756510843095):4.572407614607201;
F_1:1.3960498962362293;
F_1:1.1594879087215442;
F_1:0.6513324393874822;
J_1:1.5912000120399596;
(H_1:0.35147765992603736,G_1:0.3514776599260373):0.8577964936288358;
G_1:1.0432726918272603;
H_1:0.3774389775298285;
