((K_1:1.3192899200962933,L_1:1.3192899200962933):5.663106568088855,(C_1:4.316817117765137,((E_1:1.5233413883278133,F_1:1.5233413883278133):0.9868138440480103,(A_1:0.49068744371624706,B_1:0.4906874437162472):2.0194677886595764):1.8066618853893126):2.6655793704200117):0.0;
(F_1:1.0744257838501516,E_1:1.0744257838501516):1.7923321617231056;
E_1:1.7803694955788008;
E_1:0.8689492545833523;
F_1:0.6230601004979854;
F_1:0.4293361590519861;
K_1:0.9889863426364797;
