(((A_1:1.9433574413136039,(B_1:0.2904616621778855,C_1:0.2904616621778855):1.6528957791357184):0.6713795339950137,D_1:2.6147369753086176):4.421715223244455,(K_1:3.147226703653054,(L_1:2.3596092361285064,(G_1:1.38227790179253,(J_1:1.029684670227263,(H_1:0.8106738381371147,I_1:0.8106738381371147):0.21901083209014846):0.35259323156526695):0.9773313343359765):0.7876174675245475):3.8892254949000193):0.0;
(E_1:1.0717096449663168,F_1:1.0717096449663168):1.877291008847579;
F_1:1.10151616557495;
E_1:0.3044477543124442;
L_1:2.215179507022632;
L_1:1.3750938890575863;
L_1:0.4781649724929815;
