L_1:5.170753564224331;
K_1:0.5233879222166768;
L_1:0.4064354705782979;
L_1:0.2502342121960116;
L_1:0.22166620811888327;
L_1:0.18331805470559437;
