((K_1:3.302016198561706,I_1:3.302016198561706):3.5636418931955802,(A_1:2.4157518049038167,E_1:2.4157518049038167):4.449906286853469):0.0;
A_1:4.836696735324113;
(A_1:0.9134827144876917,(C_1:0.5288264027211442,B_1:0.5288264027211442):0.3846563117665475):0.03657057762004834;
A_1:0.9197269992447634;
C_1:0.5635237106469204;
E_1:1.5481100902147245;
E_1:1.101581996657914;
(J_1:0.8962934609200167,(I_1:0.34912249418830393,G_1:0.3491224941883039):0.5471709667317127):2.157845304009824;
H_1:0.23757690657143468;
J_1:0.3916882039293544;
