((L_1:2.374080174635255,K_1:2.374080174635255):3.8497563977244655,((F_1:2.7252375197608423,E_1:2.7252375197608423):2.6790764160614695,J_1:5.404313935822311):0.8195226365374088):0.0;
E_1:4.088316823482821;
(D_1:1.368079626417174,C_1:1.368079626417174):0.9791750463160076;
B_1:0.9870475491365085;
E_1:2.008028942159106;
F_1:1.5250684513921349;
E_1:0.8956671444297514;
F_1:0.8035423634797442;
((K_1:2.019950934137613,L_1:2.019950934137613):0.40333091743172433,(G_1:2.388545128756218,(J_1:0.8832994992336736,I_1:0.8832994992336736):1.5052456295225443):0.03473672281311964):2.7341409117611515;
(K_1:1.2461643919321241,L_1:1.2461643919321241):0.06940407692205564;
L_1:0.6631043525655251;
