((D_1:1.4445125775119005,((A_1:0.6823290281604278,B_1:0.682329028160428):0.509117389915391,C_1:1.1914464180758189):0.25306615943608163):3.9305402633762574,(G_1:1.3437854410987526,(I_1:0.7085234182566873,H_1:0.7085234182566873):0.6352620228420653):4.031267399789405):0.0;
F_1:5.162052788056161;
D_1:3.1095372534296972;
(F_1:2.6675301828122544,B_1:2.667530182812254):0.15075275673411248;
(((C_1:0.57635833521283,B_1:0.57635833521283):0.11468370947054338,A_1:0.6910420446833733):0.952332452782464,D_1:1.6433744974658375):0.45454393003310356;
C_1:1.2131359272039082;
C_1:0.34030217822387954;
B_1:0.2961018003988909;
B_1:0.13724273990791552;
