(((C_1:0.8361610976435847,D_1:0.8361610976435847):0.5313208542213044,(B_1:0.836544234449614,A_1:0.836544234449614):0.5309377174152751):4.24572892837587,((G_1:0.7281116512211772,(I_1:0.2681450666790274,H_1:0.2681450666790274):0.4599665845421499):1.705019570869464,(K_1:1.0434613718736863,L_1:1.0434613718736863):1.389669850216955):3.180079658150117):0.0;
E_1:2.728735706610419;
(F_1:1.258518801691506,E_1:1.258518801691506):1.4113800663898295;
(E_1:1.3708859050743163,F_1:1.3708859050743163):0.7426438092970642;
(E_1:1.3247254500493595,F_1:1.3247254500493595):0.6471111962239746;
F_1:0.9792600022143029;
F_1:0.39709051291355546;
F_1:0.08341425953793746;
((L_1:2.1048049506608812,K_1:2.1048049506608812):0.7883719843958152,(((H_1:0.7842283323603785,G_1:0.7842283323603785):0.07137288474684697,I_1:0.8556012171072255):1.6648065934653935,J_1:2.520407810572619):0.37276912448407745):0.35980700177553215;
I_1:2.1575101428640613;
J_1:1.1197429771367242;
(I_1:0.7114816525971892,H_1:0.7114816525971892):0.029685666043378856;
G_1:0.670143516919164;
G_1:0.6026902949176325;
I_1:0.34393590275632885;
G_1:0.03212544766574149;
