(K_1:2.3007487014854755,(I_1:1.1898545789848716,(J_1:0.851654201647737,(H_1:0.660527473067271,G_1:0.660527473067271):0.19112672858046595):0.33820037733713454):1.1108941225006037):3.1738959733415686;
G_1:0.15079660797530703;
G_1:0.07226951322949043;
