(((D_1:1.3501930557509338,(C_1:1.1819164419294195,A_1:1.1819164419294195):0.1682766138215143):2.013170707037062,E_1:3.3633637627879955):3.4987962428908213,((H_1:0.9623427480960459,G_1:0.9623427480960459):1.5048702640326819,I_1:2.467213012128728):4.394946993550089):0.0;
((B_1:0.6107678743156362,A_1:0.6107678743156361):0.8598336180566708,D_1:1.4706014923723068):0.9230232365597659;
B_1:0.20366291281379498;
(I_1:3.3848137673131284,L_1:3.384813767313128):0.9971016916431363;
J_1:1.3647661783809721;
(I_1:0.9388372059106949,J_1:0.9388372059106949):0.09932273681001202;
G_1:0.3601590181385074;
J_1:0.3647052867636564;
J_1:0.22273147024793616;
K_1:1.2956888335519527;
