(((A_1:0.8743832675521219,B_1:0.8743832675521221):1.075396156985155,D_1:1.9497794245372768):1.3915252057911032,E_1:3.3413046303283807):2.833081843809487;
B_1:0.10821364845922121;
(J_1:0.962112900446511,(G_1:0.5571768182256477,H_1:0.5571768182256478):0.40493608222086325):3.2680914442579003;
K_1:2.7231548494887363;
((H_1:0.6855051892071209,G_1:0.6855051892071208):0.15234045416116654,J_1:0.8378456433682874):0.6397876918606988;
G_1:0.6729333585182797;
G_1:0.3285174232637924;
(L_1:1.7658949110403521,K_1:1.7658949110403521):0.05090088989678465;
K_1:0.7845031717807703;
K_1:0.24352531167661684;
