((J_1:1.3336838845120542,(G_1:0.4959652198540433,I_1:0.4959652198540433):0.8377186646580109):1.8538519253616381,L_1:3.187535809873692):2.0899278122800276;
(I_1:0.4266533092617294,H_1:0.4266533092617294):1.2674041956285116;
G_1:0.11121451230471982;
I_1:0.12686510209103102;
J_1:0.38242037981971305;
