(((I_1:0.33413459248958466,G_1:0.3341345924895846):2.402063911247028,K_1:2.7361985037366123):2.9165514696955195,(E_1:1.2341176106622846,F_1:1.2341176106622846):4.418632362769848):0.0;
E_1:1.2030006920402816;
F_1:0.8227146427823312;
F_1:0.24933908047331588;
I_1:0.09336216345988255;
K_1:0.009659130635183644;
