L_1:6.731225900416701;
F_1:4.842978882807016;
F_1:2.5660634271077485;
(E_1:2.177668737689871,F_1:2.177668737689871):0.337100135168531;
E_1:1.3900313782846134;
E_1:0.9968286783226348;
E_1:0.28585627919767187;
F_1:0.35132463208109643;
