(L_1:5.6042939275264,(E_1:3.491424176133772,(A_1:2.1036246019611027,((C_1:0.8618775722819788,D_1:0.8618775722819788):0.47056512104662374,B_1:1.3324426933286024):0.7711819086325004):1.3877995741726687):2.1128697513926284):0.0;
D_1:0.541728247676158;
L_1:1.5912576096623625;
L_1:0.9628511778522068;
L_1:0.702928402516313;
L_1:0.42415376051734177;
