(((D_1:1.823236625256749,((C_1:0.31089740586836745,A_1:0.3108974058683674):0.28415906533462126,B_1:0.5950564712029887):1.2281801540537602):0.9074777634544737,(F_1:1.2318984401063366,E_1:1.2318984401063366):1.498815948604886):3.9926204691930316,(G_1:2.4566086814334263,(K_1:1.5479443932639825,L_1:1.5479443932639825):0.9086642881694442):4.2667261764708275):0.0;
((C_1:0.6152200770056038,(B_1:0.45569333105494586,A_1:0.4556933310549458):0.15952674595065788):0.7930587719429636,D_1:1.4082788489485674):2.270263118809652;
((A_1:0.3545246017836908,C_1:0.35452460178369083):1.4475413495110685,D_1:1.8020659512947592):1.7207428958077116;
F_1:2.310856407163233;
((B_1:0.7945117637766426,(C_1:0.4413347869748405,A_1:0.4413347869748404):0.3531769768018021):0.2732331542714799,D_1:1.0677449180481227):0.39904450841913386;
A_1:0.14953219632410317;
(E_1:1.793763455471718,F_1:1.793763455471718):0.1332102017642729;
F_1:0.712221035222059;
F_1:0.6754621584052689;
F_1:0.6419652085261025;
F_1:0.5247579782207545;
F_1:0.4540101258341285;
F_1:0.3383464551455716;
F_1:0.26588534447089407;
(((I_1:0.35133752835727106,G_1:0.351337528357271):0.5361644513350486,H_1:0.8875019796923197):0.12445962031555015,J_1:1.01196160000787):3.9966373242741384;
G_1:4.804691453368462;
I_1:2.0625819459770898;
(J_1:1.680943362021266,H_1:1.680943362021266):0.33720628752931114;
((I_1:0.29133275926802094,H_1:0.29133275926802094):0.032130923022086595,G_1:0.3234636822901075):1.5743143365950067;
H_1:1.6102645205028032;
(I_1:1.0854150253462924,(J_1:0.8937788622736561,H_1:0.8937788622736561):0.19163616307263634):0.37420790890360456;
H_1:0.8800542948478611;
J_1:0.23618347277384066;
(K_1:1.256562090936489,L_1:1.256562090936489):0.8511268783924966;
K_1:0.6262328219476607;
