((((G_1:0.70309312035796,I_1:0.7030931203579601):0.9472712546867786,J_1:1.6503643750447388):4.8514431253354235,F_1:6.5018075003801625):2.2259883490243304,(L_1:1.605105350497232,K_1:1.605105350497232):7.122690498907261):0.0;
L_1:2.849709094703412;
L_1:1.595662259014183;
K_1:0.5425951624152391;
K_1:0.16458605306814145;
L_1:0.6322279047645595;
