((F_1:3.4339215749836995,(A_1:2.313576684569677,((C_1:1.1315687300643005,D_1:1.1315687300643005):0.49233500628403876,B_1:1.6239037363483393):0.6896729482213376):1.1203448904140225):4.254555771086865,(J_1:1.5796643485646253,(H_1:0.2652700427771298,I_1:0.2652700427771298):1.3143943057874954):6.1088129975059395):0.0;
B_1:0.23099447109712096;
D_1:0.5928622547275471;
