((J_1:1.7879011971831003,(I_1:0.48300088926639695,G_1:0.48300088926639684):1.3049003079167032):0.06677137884189503,H_1:1.8546725760249954):4.401254263044127;
G_1:0.9230860742210896;
H_1:0.4453306012408236;
G_1:0.250889544961894;
J_1:0.5803975186014467;
