((I_1:0.8108217604420106,G_1:0.8108217604420106):1.7123483131125594,K_1:2.52317007355457):3.0460356269274627;
(B_1:1.7693155768348414,(A_1:1.043409534737209,(C_1:0.8214538140057321,D_1:0.8214538140057321):0.22195572073147676):0.7259060420976324):2.7658979579188263;
(G_1:1.4911786884069351,(I_1:1.0739616677814492,J_1:1.0739616677814492):0.4172170206254858):0.6208848739841062;
(J_1:0.8571996588921451,H_1:0.857199658892145):0.8196550702263476;
G_1:0.9408277747657647;
I_1:0.18275695737350262;
I_1:0.07339331372370256;
I_1:0.06239558101289264;
J_1:0.4297517042688564;
K_1:0.8539000301318869;
K_1:0.5066814996422941;
