((E_1:1.2052947445942184,F_1:1.2052947445942184):4.631905782701817,((A_1:1.4608440440169224,C_1:1.4608440440169224):0.2504062295048733,(B_1:0.8763709843352513,D_1:0.8763709843352513):0.8348792891865444):4.12595025377424):2.041563816278077;
(F_1:1.0373074520221959,E_1:1.0373074520221959):3.878607724094431;
D_1:0.21337180541123824;
F_1:1.6306267131594683;
F_1:1.438876694597631;
E_1:0.7963773725679495;
F_1:0.6379663888975404;
F_1:0.4123642297083062;
