((K_1:5.543326777807852,(((B_1:0.6183362828697007,(A_1:0.532115797047252,C_1:0.5321157970472521):0.08622048582244855):2.8355741728674713,E_1:3.453910455737172):1.007611396801132,D_1:4.461521852538303):1.0818049252695492):0.06174931335006083,(I_1:1.4335177722306378,(H_1:0.4473261158530333,G_1:0.44732611585303317):0.9861916563776046):4.171558318927276):0.0;
A_1:0.009318526285065909;
E_1:0.5478067125088194;
E_1:0.11437442431422251;
(L_1:3.5436565440883436,(J_1:1.1964718653923099,G_1:1.1964718653923099):2.347184678696034):0.544781463556613;
(((I_1:0.5291783853294384,G_1:0.5291783853294383):0.19568103785039323,H_1:0.7248594231798317):1.0978128495232184,J_1:1.82267227270305):0.6252829336793573;
(G_1:1.0293275428761772,(H_1:0.3125082080772757,I_1:0.3125082080772757):0.7168193347989014):1.179655770128309;
J_1:1.0549865723257106;
H_1:0.471733413610498;
L_1:1.2416630129447006;
