L_1:5.883648365390479;
L_1:1.3040607434304727;
L_1:0.19091216764802166;
