E_1:5.8411468942481655;
E_1:0.13704909670783227;
