((J_1:3.0720250244755416,(I_1:1.0872364719805834,(H_1:0.6897466920282758,G_1:0.6897466920282758):0.39748977995230744):1.9847885524949587):2.322211488313918,(((B_1:0.2136767885547151,C_1:0.2136767885547151):0.14469484433428548,A_1:0.35837163288900054):3.279812372731488,(F_1:1.3608448133564983,E_1:1.3608448133564983):2.27733919226399):1.756052507168971):0.0;
F_1:2.917453411301444;
F_1:1.2582126961600653;
F_1:0.7576347101755666;
F_1:0.20054283298883535;
K_1:2.4437284021684906;
(G_1:0.97923209946032,(J_1:0.8167801094155104,I_1:0.8167801094155104):0.1624519900448096):0.4272168542930309;
J_1:0.15223678111012584;
J_1:0.13867546080834403;
