(((F_1:2.2173404448098513,E_1:2.2173404448098513):0.46085132173076376,((B_1:0.5862276083390087,C_1:0.5862276083390087):0.14986539441573862,A_1:0.7360930027547472):1.9420987637858675):3.1688277433054224,K_1:5.847019509846038):0.0;
(E_1:2.5765811471322104,(B_1:2.114103615889711,(A_1:0.5181983009368389,C_1:0.518198300936839):1.5959053149528715):0.46247753124249974):1.394013593068129;
((F_1:2.4483963603101717,E_1:2.4483963603101717):0.47358135402734214,(((C_1:0.2686415628061551,B_1:0.2686415628061551):1.0809228310372108,A_1:1.349564393843366):0.4811322233926785,D_1:1.8306966172360444):1.09128109710147):0.3211306517788475;
((A_1:0.36763334389980895,C_1:0.367633343899809):1.0891022273573219,(D_1:0.8026785339657981,B_1:0.8026785339657981):0.6540570372913326):0.6985716428783755;
(D_1:0.8009077453062685,A_1:0.8009077453062684):0.8445087446488395;
((C_1:0.37512879185240816,A_1:0.3751287918524081):0.8588956297381963,B_1:1.2340244215906042):0.01018923950738082;
A_1:0.27903797670669367;
A_1:0.20124114831911216;
A_1:0.15601586321387295;
A_1:0.02382863003486818;
C_1:0.23297063016712305;
D_1:0.5106051150044915;
D_1:0.1441840902908479;
D_1:0.006843481768508797;
F_1:1.5393656000350395;
