(F_1:2.5970622747140784,D_1:2.5970622747140784):3.2381747160131105;
F_1:0.6846799737460311;
F_1:0.3630323553098035;
