(E_1:5.987364997177012,(L_1:1.303854421332712,K_1:1.303854421332712):4.6835105758443):0.0;
E_1:0.3444337740483794;
K_1:1.9179582674918048;
K_1:0.48238455479223363;
