((E_1:2.2944729422603585,F_1:2.2944729422603585):0.42159443531222185,(B_1:2.178422745292359,((D_1:1.0653681887121167,A_1:1.0653681887121167):0.8875965540127368,C_1:1.9529647427248535):0.2254580025675053):0.5376446322802215):2.8110470624290884;
A_1:0.5598576850475407;
F_1:1.8352587312377675;
E_1:0.9134009537732674;
E_1:0.8494007557129413;
((G_1:1.7830360156162657,H_1:1.7830360156162657):1.2530888474180903,(L_1:1.2288356673358625,K_1:1.2288356673358625):1.8072891956984936):0.8811008797118793;
(K_1:1.06766817810787,L_1:1.06766817810787):1.9687073554274752;
K_1:0.04483346991198678;
