J_1:5.622157840956982;
L_1:4.004863796107091;
