(E_1:1.0504383497881558,F_1:1.0504383497881558):4.523867524708715;
E_1:1.8295748980666584;
E_1:0.7497831629302051;
