((((I_1:0.3154400396404587,G_1:0.31544003964045864):0.885420124819277,J_1:1.2008601644597356):0.05279620729108664,H_1:1.2536563717508222):1.998637895719479,K_1:3.252294267470301):3.976996138280719;
((C_1:0.6437691345089018,A_1:0.6437691345089017):0.21072827278815903,D_1:0.8544974072970608):1.061654958626052;
D_1:0.7435827458221422;
F_1:1.760984599662456;
E_1:1.3333550918667147;
I_1:0.7980383638745152;
H_1:0.6444136825164815;
H_1:0.07440707295424062;
J_1:0.6506981796880515;
