(((E_1:1.3065450724259349,F_1:1.3065450724259349):3.750905844442486,((A_1:0.897406690179398,B_1:0.897406690179398):0.16445914536252154,D_1:1.0618658355419195):3.995585081326502):0.41598304301305916,((G_1:0.4074431505614843,H_1:0.40744315056148434):1.3557610384193926,I_1:1.7632041889808767):3.710229770900604):0.0;
(D_1:1.057003556942497,C_1:1.057003556942497):1.5247210385088348;
D_1:0.03451386870376927;
E_1:1.880017860945575;
E_1:0.9835757931197731;
F_1:0.42180026135810367;
