(L_1:2.7635757056520918,(H_1:1.3369269854153205,J_1:1.3369269854153205):1.4266487202367713):3.904105272733128;
K_1:1.2166894300280953;
L_1:0.23427144145246748;
