((L_1:3.2966790185775086,(((I_1:0.8627519183155679,H_1:0.8627519183155679):0.3283891628465985,(J_1:0.848072869945433,G_1:0.848072869945433):0.3430682112167334):1.121395425478793,K_1:2.312536506640959):0.9841425119365493):4.4251824361953895,(((A_1:0.30049187367080044,B_1:0.3004918736708005):2.4472830242724326,C_1:2.7477748979432333):1.9235366448777766,E_1:4.67131154282101):3.0505499119518884):0.0;
A_1:1.6656127644435164;
D_1:1.0580109607504935;
A_1:0.6911906869970985;
A_1:0.14036617672047091;
D_1:0.5753637940946141;
D_1:0.44634144281930166;
