(K_1:5.418771789667828,(((A_1:0.5675344121504917,B_1:0.5675344121504917):0.23459869447474516,D_1:0.802133106625237):0.7173697298812723,C_1:1.5195028365065093):3.8992689531613194):0.0;
(B_1:0.5258966408631771,C_1:0.5258966408631771):0.30397686277727165;
D_1:0.8234569341181515;
C_1:0.6154098010474598;
L_1:2.094879092215961;
K_1:0.5719553811631466;
K_1:0.435217998648738;
