E_1:6.020494660927007;
F_1:1.481580944449312;
F_1:0.913786805721485;
