(((D_1:0.9604910284897463,(B_1:0.6850461270275094,A_1:0.6850461270275094):0.27544490146223677):0.3234272236671072,C_1:1.2839182521568535):1.540508141408023,E_1:2.8244263935648766):2.3393540557765045;
(E_1:3.448203309050157,(D_1:2.8006057975813485,(B_1:0.2453343083195462,C_1:0.2453343083195462):2.5552714892618025):0.6475975114688085):0.3654209394767758;
(D_1:1.3875607428262295,(C_1:0.548131425852968,B_1:0.548131425852968):0.8394293169732614):0.0655270166105586;
A_1:1.0221256071388247;
D_1:0.08376377776484967;
F_1:1.894778902354694;
F_1:1.5803606771977399;
E_1:0.18251677720652482;
F_1:0.650482630966996;
(L_1:1.150573568282343,K_1:1.150573568282343):0.6316883194148688;
K_1:0.6320071336377309;
K_1:0.4953061281323987;
L_1:0.5729674778428169;
