((B_1:0.2926128224599565,C_1:0.2926128224599565):1.8261912990538347,A_1:2.1188041215137914):6.513459118986214;
(F_1:1.2368843229193804,E_1:1.2368843229193804):2.68439079449587;
E_1:0.6746384438462494;
E_1:0.6493770988350092;
E_1:0.6127038552541629;
F_1:0.9484584097077278;
F_1:0.31640422684613356;
