((L_1:1.2131043112559652,K_1:1.2131043112559652):5.314411922261603,(F_1:3.907423602376995,(D_1:1.7004374019463073,A_1:1.7004374019463073):2.2069862004306877):2.620092631140573):0.0;
F_1:0.08430680616712205;
(((G_1:0.9861033449128225,H_1:0.9861033449128225):0.2554559038642512,I_1:1.2415592487770737):1.3711890755463674,J_1:2.612748324323441):0.7241269479383021;
I_1:0.11759928697338294;
K_1:0.6566174716920548;
