((L_1:1.1892340197304243,K_1:1.1892340197304243):5.008687275646598,(D_1:3.2845787086580835,(A_1:0.6246033371014614,(B_1:0.22700300875793927,C_1:0.22700300875793927):0.3976003283435222):2.659975371556622):2.9133425867189384):0.0;
E_1:3.202995252616953;
D_1:0.23211132645671317;
E_1:0.5805462622495503;
F_1:0.9906773572757086;
K_1:2.006433583353004;
L_1:1.4623066552735144;
