F_1:1.813435768680238;
F_1:0.17069551228548097;
