F_1:7.055409659818096;
F_1:2.1341394475611075;
(G_1:1.2582796785667796,(I_1:1.2271069062116078,J_1:1.2271069062116078):0.031172772355171782):2.969052171004921;
K_1:2.5415196237483912;
I_1:0.19759573841155373;
J_1:0.42922516066443;
L_1:1.6237931948043214;
K_1:0.5969564657551635;
L_1:0.2280943372714288;
