(((F_1:1.2783635415720234,E_1:1.2783635415720234):1.5125219432777517,(D_1:0.9344856012603969,B_1:0.9344856012603969):1.8563998835893785):3.6382295396504123,(((J_1:0.9324928228529094,H_1:0.9324928228529095):1.179578713354129,G_1:2.112071536207038):1.179976928204051,(K_1:1.3972568390729527,L_1:1.3972568390729527):1.8947916253381367):3.1370665600890977):0.0;
((D_1:2.3209827701165335,((C_1:0.9833622190968188,B_1:0.9833622190968188):0.32302056941029517,A_1:1.306382788507114):1.0145999816094196):1.2848568223736583,F_1:3.6058395924901916):1.356116755452569;
(C_1:0.6968997655317406,B_1:0.6968997655317406):0.2695216349559555;
E_1:2.068068041619574;
F_1:1.7730945449415298;
G_1:0.3052600284402031;
J_1:0.05451797957040927;
K_1:1.8031678158771607;
(L_1:1.19736912834074,K_1:1.19736912834074):0.5495132580921553;
L_1:1.6451521964277445;
K_1:0.833268270583788;
K_1:0.5266047102149647;
K_1:0.4907785713525894;
