((L_1:2.378084177100583,(J_1:0.9260732319492463,H_1:0.9260732319492463):1.4520109451513372):3.028160663052503,((C_1:0.7680631225095111,A_1:0.768063122509511):2.306422860299751,F_1:3.0744859828092617):2.331758857343824):0.0;
A_1:0.1115916448457473;
C_1:0.14097384547871428;
E_1:1.7812177655531227;
E_1:1.0806604297126234;
E_1:0.3024487735602569;
(((G_1:0.5072217174966525,I_1:0.5072217174966525):2.201265985970922,K_1:2.708487703467574):0.19899449560236296,J_1:2.907482199069937):0.613571250183103;
J_1:0.14566396272606374;
K_1:0.9320408671585454;
