((I_1:1.194368198275098,(J_1:1.167639233819235,G_1:1.167639233819235):0.026728964455863008):4.365493906793923,E_1:5.559862105069021):0.0;
F_1:1.3827584122740522;
E_1:0.7598805916333746;
((G_1:0.7838672632925385,I_1:0.7838672632925386):0.8676782043983987,J_1:1.6515454676909374):1.56358723264124;
H_1:0.7388677477217656;
