L_1:1.250417903154472;
L_1:0.2961579034692393;
