(K_1:1.2374136663791904,L_1:1.2374136663791904):5.027603666217338;
(F_1:2.334714002721212,(B_1:1.4065676152660416,(C_1:0.4290754199090431,A_1:0.4290754199090431):0.9774921953569984):0.9281463874551708):1.6365663158069232;
(E_1:2.398996992922817,D_1:2.398996992922817):0.8552207533790748;
(F_1:1.0911551112469813,E_1:1.0911551112469813):1.7689197834896078;
(D_1:1.186611407315543,(A_1:0.9886716809600564,(B_1:0.2286343174964769,C_1:0.2286343174964769):0.7600373634635795):0.19793972635548654):1.0065231797936953;
B_1:0.7793283916501896;
A_1:0.5651788532767756;
D_1:0.7209367832997037;
(K_1:3.3251427927103245,((I_1:0.9568449541600107,G_1:0.9568449541600107):0.45913819212901535,J_1:1.4159831462890262):1.9091596464212988):1.5674027731664903;
I_1:2.1720433916734585;
(H_1:1.173958607971372,G_1:1.173958607971372):0.4477063800817429;
J_1:0.9904855813863018;
J_1:0.7096050049134925;
J_1:0.5501718640105331;
J_1:0.5017788128271348;
J_1:0.23468733412035703;
J_1:0.023338744753701235;
L_1:1.6942127848639175;
L_1:0.8699429165081312;
