((L_1:2.3494231941879535,(((I_1:0.42373989670113393,G_1:0.4237398967011339):0.053750584299301116,H_1:0.47749048100043506):0.47267986647981625,J_1:0.9501703474802513):1.3992528467077021):3.2746957187440233,((E_1:1.4520645038753663,F_1:1.4520645038753663):0.8711039200172175,B_1:2.3231684238925836):3.3009504890393933):0.0;
I_1:0.2603385459467924;
H_1:0.04688513089030205;
H_1:0.02264343488629325;
