(J_1:1.4525269839666914,(G_1:0.43658265532303286,I_1:0.4365826553230329):1.0159443286436587):4.514609168552558;
((E_1:1.545127395736781,F_1:1.545127395736781):1.2001479936322328,(((A_1:0.6944301128878526,C_1:0.6944301128878527):0.31071898233742307,D_1:1.0051490952252757):0.4512202744152834,B_1:1.456369369640559):1.2889060197284548):2.1151647525766535;
(B_1:2.9856794431863105,((D_1:0.8817554616574748,(A_1:0.3708315808444854,C_1:0.3708315808444855):0.5109238808129892):1.7252270033494035,F_1:2.6069824650068782):0.3786969781794322):0.6840564226121679;
(((E_1:2.194940500570997,F_1:2.194940500570997):0.10674839195722405,(D_1:0.9370905655281362,(C_1:0.41927208800235677,A_1:0.4192720880023567):0.5178184775257795):1.364598327000085):0.09776038510419087,B_1:2.399449277632412):1.0464171356741834;
A_1:0.21057021686025734;
D_1:0.6994181859753407;
(F_1:1.2562367656644777,E_1:1.2562367656644777):0.06922800685639285;
F_1:1.2584414900183327;
F_1:0.9734221931713538;
F_1:0.8800552237080058;
F_1:0.879699720584175;
F_1:0.7332134607704275;
F_1:0.6401242827357434;
F_1:0.44001373544053424;
F_1:0.22535426513399837;
F_1:0.06209502954468826;
J_1:0.5481113763934031;
