((I_1:0.6703635016556811,H_1:0.6703635016556811):2.454461336467885,J_1:3.124824838123566):3.003298902939636;
K_1:3.4137206018817805;
I_1:0.21821206888798717;
