(I_1:3.8014836022441116,(J_1:1.201164007614499,(H_1:0.5145223792410524,G_1:0.5145223792410523):0.6866416283734464):2.6003195946296134):4.005509147549241;
J_1:1.3298671820453023;
G_1:0.7218405133454713;
