(((L_1:2.563132427959859,J_1:2.563132427959859):0.05390387819781279,(G_1:0.44320503758034246,H_1:0.44320503758034246):2.1738312685773296):0.49280360588487965,K_1:3.1098399120425513):3.8218615378404523;
G_1:0.1702348521123047;
K_1:0.8029151857275896;
K_1:0.3246424236357448;
