(L_1:5.9689505740611075,(E_1:2.575859876932271,(B_1:1.908073016844734,D_1:1.908073016844734):0.667786860087537):3.3930906971288373):0.0;
D_1:4.245406444953184;
(F_1:1.1365288913953862,E_1:1.1365288913953862):2.0396009501945938;
A_1:0.5882273917910252;
E_1:1.1328581691135218;
E_1:0.5353360544898291;
F_1:0.19936142155789394;
