(C_1:4.182697528135559,(B_1:1.1741304011397182,D_1:1.1741304011397182):3.0085671269958407):2.927234086054808;
(F_1:2.614709086343651,(C_1:2.0250240547222758,(D_1:1.7471968179662989,A_1:1.7471968179662989):0.27782723675597687):0.589685031621375):1.3838140508598258;
((F_1:1.3877585714928233,E_1:1.3877585714928233):1.160744578222641,((C_1:0.7502560936480424,(B_1:0.6819275409877656,A_1:0.6819275409877656):0.06832855266027672):0.7663314388146142,D_1:1.5165875324626565):1.0319156172528077):1.1434745485465898;
((B_1:1.3515990347954663,A_1:1.3515990347954663):1.6420514822267083,((D_1:1.9413656880209218,C_1:1.9413656880209218):0.8687556329295032,(F_1:2.163239892052437,E_1:2.163239892052437):0.6468814288979883):0.18352919607174953):0.489960031611159;
((B_1:1.238026207834333,(A_1:0.587246239421078,C_1:0.587246239421078):0.6507799684132549):1.6114846242468792,D_1:2.849510832081212):0.4047998087959316;
(F_1:1.8790006359010802,E_1:1.8790006359010802):0.4249514633524938;
((D_1:1.0517585047805114,(C_1:1.0267051528300881,A_1:1.0267051528300881):0.025053351950423228):0.36996284366862864,B_1:1.42172134844914):0.845234966863424;
(((B_1:0.5353998024595303,C_1:0.5353998024595303):0.26137800721248955,A_1:0.7967778096720199):0.07717967080343013,D_1:0.87395748047545):0.26938324807203384;
D_1:0.8277186827864675;
A_1:0.7365478450752854;
A_1:0.10505866392538107;
A_1:0.09289216695086056;
A_1:0.06136727946915488;
D_1:0.47904160809551366;
D_1:0.3847046732620453;
D_1:0.12672216554715254;
E_1:2.176986918558767;
F_1:1.5252741612343446;
F_1:0.5093329129380872;
F_1:0.3249643557036892;
