(((D_1:1.1857990443502693,C_1:1.1857990443502693):1.6801721730081853,(F_1:1.3312928507209605,E_1:1.3312928507209605):1.5346783666374941):0.35957475289951196,B_1:3.2255459702579663):5.263422168290541;
(F_1:1.4484358769452363,E_1:1.4484358769452363):1.6176984735634707;
(E_1:1.0655855928883873,F_1:1.0655855928883873):0.1177644233626216;
E_1:0.4255923320560667;
(J_1:0.9906532338437849,I_1:0.9906532338437849):4.291693693842196;
L_1:3.513743174724011;
J_1:3.5074310356169702;
L_1:3.2358589818979073;
(G_1:0.8187478349661529,H_1:0.8187478349661529):1.5433224053453656;
I_1:0.01758094073004063;
K_1:2.295182445076126;
(K_1:1.0289063815959836,L_1:1.0289063815959836):1.0176070206859447;
L_1:1.4765696454510715;
K_1:0.9847552394050404;
K_1:0.5524302743852577;
K_1:0.34199788420124055;
L_1:0.6208219865540865;
L_1:0.24627558688424256;
