J_1:5.311756702503246;
((D_1:1.7703747803619663,(A_1:0.5430162462479433,C_1:0.5430162462479433):1.227358534114023):0.17376109533204054,B_1:1.9441358756940068):2.6705418397764125;
D_1:0.7059569231092575;
(K_1:2.4107347871287965,(G_1:0.4873671720498182,(H_1:0.3715143439822406,I_1:0.3715143439822406):0.1158528280675777):1.9233676150789785):0.9319028217960552;
J_1:0.3581773259015306;
