E_1:6.500885343432365;
(F_1:2.3604011437161425,((B_1:1.7691559278468683,D_1:1.7691559278468683):0.40012589894004824,C_1:2.1692818267869165):0.19111931692922618):2.0309132542570207;
K_1:2.063452203008957;
