((K_1:2.2457659444994906,L_1:2.2457659444994906):0.9954137316480659,((I_1:1.0612482125391294,G_1:1.0612482125391294):0.3434635412219988,(J_1:0.9007710716918343,H_1:0.9007710716918343):0.5039406820692938):1.836467922386428):2.423282439801762;
(C_1:2.830890689890538,((E_1:1.3332253870010367,F_1:1.3332253870010367):1.2222513312578838,(A_1:0.7073947245439733,B_1:0.7073947245439733):1.848081993714947):0.27541397163161774):0.5366130805361;
(((F_1:1.897269613110116,E_1:1.897269613110116):0.40987409803787955,D_1:2.3071437111479955):0.227048790769761,((A_1:0.43498326771918033,C_1:0.4349832677191804):0.732708981584278,B_1:1.1676922493034585):1.3665002526142982):0.12594824137710514;
D_1:1.0701007955587092;
D_1:0.9283066985192188;
B_1:0.18954454121987596;
B_1:0.13018114535316275;
D_1:0.01973883950933919;
F_1:1.7259494634765429;
E_1:0.8976025130046508;
F_1:0.03762154308401844;
I_1:0.04022243487625518;
