(K_1:5.72179463178406,(F_1:2.4631061031083235,(A_1:0.8540277867574322,B_1:0.8540277867574322):1.609078316350891):3.2586885286757363):0.0;
((D_1:1.033398250891104,(C_1:0.33889349261559537,A_1:0.3388934926155953):0.6945047582755086):1.666881990431239,(E_1:1.4077249751455405,F_1:1.4077249751455405):1.2925552661768025):0.949048777189546;
B_1:1.6814557674891533;
(F_1:1.2721117764183416,E_1:1.2721117764183416):0.30402848697218743;
E_1:0.7370167294639741;
E_1:0.2590030186863883;
(L_1:1.1770023098905842,K_1:1.1770023098905842):1.1143266049722516;
L_1:1.992596735035385;
L_1:1.5250220821580927;
K_1:1.1099923530450644;
K_1:0.8495103318062299;
L_1:0.9855742685195911;
L_1:0.7880553915268363;
L_1:0.5555153943805632;
L_1:0.5245290080647256;
