(((H_1:1.1979409756382844,I_1:1.1979409756382844):0.09627958930507002,G_1:1.2942205649433545):1.157195812511965,(L_1:1.4317081091526136,K_1:1.4317081091526136):1.0197082683027061):4.8444814644082905;
H_1:0.05581079455938723;
L_1:0.6662743325465083;
