((K_1:4.51888441144089,((G_1:0.9036355715434081,J_1:0.9036355715434083):2.9672589422371756,((H_1:0.6042308542172675,I_1:0.6042308542172675):2.196460168560154,L_1:2.8006910227774213):1.0702034910031626):0.6479898976603061):2.084782618607211,(A_1:0.8056984321892783,B_1:0.8056984321892783):5.797968597858823):0.0;
((J_1:1.553408328485414,(H_1:1.310687854701945,I_1:1.310687854701945):0.24272047378346925):1.0493058338484005,L_1:2.6027141623338146):0.19673295288927983;
(J_1:0.802585990747078,(G_1:0.5572077351362548,I_1:0.5572077351362548):0.24537825561082321):0.23904678195303375;
H_1:0.8554022003773374;
I_1:0.22627969286811417;
H_1:0.05252960832534037;
J_1:0.7318852422911145;
J_1:0.35441569052820343;
J_1:0.17185762419365658;
K_1:0.24149830360906566;
L_1:0.6916306207224765;
