L_1:5.9477751571720034;
(J_1:0.8098799859782395,(I_1:0.643459132755688,H_1:0.643459132755688):0.16642085322255154):4.0579165326265745;
(G_1:2.750946415174592,L_1:2.750946415174592):1.1096950116453004;
((L_1:2.3908979587025647,J_1:2.3908979587025647):0.7297103878349225,(((H_1:0.44536944173849696,I_1:0.44536944173849696):0.04235106813127,G_1:0.4877205098697669):1.8375442760461331,K_1:2.3252647859158997):0.7953435606215874):0.1367432984624095;
K_1:2.605959966333603;
((G_1:1.0230845468657086,(I_1:0.2652865713186053,H_1:0.2652865713186053):0.7577979755471033):0.0589926635952991,J_1:1.0820772104610077):0.29547833242073507;
(G_1:0.8792550184280861,(H_1:0.24254619572425976,I_1:0.24254619572425976):0.6367088227038262):0.004456903881755014;
G_1:0.6972768484395169;
H_1:0.5763329955746057;
G_1:0.22495940483441285;
J_1:0.4438095510954534;
J_1:0.406073474564966;
J_1:0.2461319519933034;
L_1:1.2196106336376893;
