((K_1:1.07741346373784,L_1:1.07741346373784):2.2475269268004534,(((H_1:0.8967745951753154,J_1:0.8967745951753154):0.2874683042582397,I_1:1.1842428994335552):0.8110743004292706,G_1:1.9953171998628259):1.3296231906754676):2.56469730549097;
J_1:0.10447027029424516;
K_1:1.9126648522998613;
L_1:0.864441942051268;
