F_1:7.708881650993709;
F_1:1.4732062247459796;
E_1:0.7537578837914156;
