(((G_1:1.257331712224472,(I_1:0.3407198059053085,H_1:0.3407198059053085):0.9166119063191636):1.7357078438546587,J_1:2.9930395560791303):2.88221413895654,(E_1:1.928637555740283,F_1:1.928637555740283):3.9466161392953873):0.0;
(E_1:1.6234443818012956,F_1:1.6234443818012956):3.522503321666643;
E_1:0.953359758969861;
E_1:0.2740858315875212;
F_1:0.19490566682866228;
((H_1:0.41110056588368976,G_1:0.4111005658836897):0.02554666103116236,I_1:0.43664722691485214):1.6728679255123051;
(J_1:1.1648239891513572,G_1:1.1648239891513572):0.28415434466828393;
(H_1:0.4916139332488908,I_1:0.4916139332488908):0.7064397217109747;
J_1:1.0762009173802467;
I_1:0.959270261756971;
H_1:0.3420894315146475;
H_1:0.05518367173678143;
J_1:0.12515800232427443;
