((H_1:0.9715693865567967,(G_1:0.798321077613382,I_1:0.798321077613382):0.17324830894341467):2.5552218236989246,(L_1:1.4540052388122564,K_1:1.4540052388122564):2.072785971443465):2.6652514687756446;
F_1:1.8748422386535826;
(L_1:2.9356793381769117,(((I_1:0.2157200742282111,H_1:0.2157200742282111):0.9832729832463917,G_1:1.1989930574746028):0.17578558300292998,J_1:1.3747786404775328):1.5609006976993793):2.2075542663317647;
L_1:4.401869065229857;
L_1:4.0069037925598465;
((H_1:0.6964878996852875,G_1:0.6964878996852873):1.6558406198320836,K_1:2.352328519517371):1.6429342306334371;
(((I_1:0.6950015215712328,G_1:0.6950015215712328):0.3952049303546501,J_1:1.090206451925883):1.7650935808601174,L_1:2.855300032786):0.8830717219766653;
(J_1:1.1453222926179873,(I_1:0.5039468776879111,(G_1:0.43976476268254905,H_1:0.43976476268254916):0.06418211500536201):0.6413754149300762):1.072535422688293;
I_1:1.3119681167008532;
G_1:0.3717170357530962;
K_1:1.373198824211383;
K_1:0.9386656658561245;
K_1:0.27776155888323373;
L_1:0.2513718559407483;
