(K_1:2.7983059843958578,(((H_1:0.3599600786436498,G_1:0.35996007864364976):2.186173013200428,L_1:2.546133091844078):0.17444991404984245,(I_1:0.8763892117488185,J_1:0.8763892117488185):1.8441937941451019):0.07772297850193725):2.780680221630293;
J_1:0.3996852626139239;
J_1:0.3757270889162499;
