(L_1:6.961714074978168,(((B_1:0.24098169328028643,C_1:0.24098169328028643):0.6696508483461912,D_1:0.9106325416264776):2.0162198094507975,(A_1:2.5522186931422115,E_1:2.5522186931422115):0.3746336579350634):4.034861723900893):0.0;
D_1:0.19025009650228142;
(E_1:1.644274829375333,F_1:1.644274829375333):0.529463910751736;
F_1:1.317858121996958;
F_1:0.46284764563067593;
(((G_1:0.8886164406790831,J_1:0.8886164406790831):0.1748491489008507,(H_1:0.7400864767312889,I_1:0.7400864767312889):0.32337911284864485):1.3491197060230278,K_1:2.4125852956029616):1.8759669252255575;
K_1:2.982621857989344;
I_1:0.3624668468150451;
