(((C_1:0.46173334061773497,A_1:0.46173334061773486):0.4339956191041006,D_1:0.8957289597218356):4.835292065505115,((I_1:1.4716168989143277,J_1:1.4716168989143277):1.7580112564712778,(K_1:2.6438692065771847,(G_1:0.6948225320113193,H_1:0.6948225320113193):1.9490466745658657):0.5857589488084206):2.501392869841345):0.0;
(K_1:1.107587951192869,L_1:1.107587951192869):2.9298354430473648;
J_1:1.5445734791722667;
H_1:0.6031889761760411;
G_1:0.5360810334750157;
I_1:0.12768489550463602;
K_1:0.2965376175456934;
L_1:0.6449813051205002;
