((D_1:2.4789656396741506,(A_1:0.6063857867077505,(B_1:0.27312836765362136,C_1:0.27312836765362136):0.3332574190541291):1.8725798529664006):2.839223636161026,(K_1:3.167873610499349,(J_1:1.0837867239759065,((G_1:0.35197639987801,I_1:0.35197639987801005):0.024291571781766653,H_1:0.3762679716597767):0.7075187523161297):2.0840868865234423):2.1503156653358277):0.0;
(E_1:2.4426902372505657,(A_1:0.5055659808646614,(B_1:0.31809310499497695,C_1:0.31809310499497695):0.18747287586968453):1.9371242563859041):2.703680313193475;
A_1:0.1886926698466624;
A_1:0.0334659859772653;
B_1:0.17729045669192037;
D_1:0.7479483160866501;
D_1:0.7025872935390276;
D_1:0.34030206630394716;
D_1:0.11044999029686242;
H_1:0.028375200374503307;
J_1:0.13046308269895135;
K_1:0.26534061723014324;
L_1:0.5746554512835067;
L_1:0.3828421645158906;
