((D_1:1.4713343869038256,(A_1:0.8072481953476933,C_1:0.8072481953476934):0.6640861915561321):2.8503051309087977,(F_1:1.4424406270927852,E_1:1.4424406270927852):2.879198890719838):1.5172297723843582;
B_1:1.4825336667739093;
C_1:0.23496351138923233;
F_1:1.9992675437864784;
E_1:0.8577381994837047;
