D_1:4.3536239753356;
(L_1:1.089836949927783,K_1:1.089836949927783):3.624716513542848;
((L_1:1.631717826486806,K_1:1.631717826486806):1.0781322086548415,(((G_1:0.7360092072585831,I_1:0.7360092072585831):0.18276746377095865,H_1:0.9187766710295419):0.9465998320503267,J_1:1.8653765030798686):0.8444735320617791):1.2444504972987236;
(K_1:2.748810131331285,(J_1:0.9256536576927781,((G_1:0.42908107223099223,I_1:0.42908107223099223):0.24610465385397834,H_1:0.6751857260849705):0.25046793160780756):1.8231564736385066):0.023876531443309368;
J_1:1.922553308027782;
H_1:0.13730170953710197;
K_1:2.258992259980758;
K_1:1.2597905237037634;
L_1:0.04057864506650999;
L_1:0.028618620152825236;
