(D_1:0.9287770424689081,((C_1:0.5890417513436432,A_1:0.5890417513436431):0.14757918406534848,B_1:0.7366209354089917):0.19215610705991645):5.035016299505624;
A_1:2.0351915332906154;
D_1:1.2510586011297975;
C_1:0.8218934918022334;
A_1:0.06723216237988455;
C_1:0.16670182519737703;
