(L_1:3.5643107543138806,K_1:3.5643107543138806):3.2084661076244645;
K_1:1.2493835700687297;
K_1:0.5152831923702037;
L_1:0.18989309475908622;
