K_1:9.18176033543445;
(F_1:2.487894500593732,((C_1:0.6897579026052112,B_1:0.6897579026052112):0.17555470219225366,D_1:0.8653126047974649):1.6225818957962674):1.8495815028738032;
(D_1:1.1319140115985726,(A_1:0.8623755922785994,(C_1:0.631071004103288,B_1:0.631071004103288):0.23130458817531152):0.26953841931997313):2.8840727873087384;
(F_1:1.5731594354576939,E_1:1.5731594354576939):1.850194433890605;
C_1:0.28402663288679053;
(F_1:1.3543861663553802,E_1:1.3543861663553802):0.16325312963310723;
F_1:0.6547223447063222;
F_1:0.5843713043210932;
F_1:0.06554343052453926;
((H_1:1.214696979758681,(I_1:0.5033565151122182,G_1:0.5033565151122181):0.7113404646464628):1.22581112380014,(L_1:1.254682643088589,K_1:1.254682643088589):1.185825460470232):2.6238021975747343;
(L_1:1.3707068461937209,K_1:1.3707068461937209):1.6408967318120582;
L_1:2.4156599229995885;
K_1:2.034379732422966;
K_1:1.8471497478113494;
K_1:0.9971857331745092;
K_1:0.4823711892873127;
K_1:0.2851255048453607;
