(K_1:6.814742894900666,F_1:6.814742894900666):0.0;
D_1:1.9927229173273022;
D_1:0.9258975141053203;
F_1:0.5460209093800963;
F_1:0.3884371898827753;
