(((L_1:1.143644856773442,K_1:1.143644856773442):1.3578341118918287,(I_1:1.4168849749611312,(G_1:0.4635011504099087,H_1:0.4635011504099088):0.9533838245512225):1.0845939937041396):3.394633456226261,(((C_1:0.3967662667741988,A_1:0.39676626677419874):1.277187500442062,B_1:1.6739537672162608):0.5246556994263329,D_1:2.1986094666425937):3.697502958248938):0.0;
D_1:4.0940880958091315;
((D_1:1.290922253361257,(C_1:0.6532670852296455,(A_1:0.5155670518045938,B_1:0.5155670518045938):0.13770003342505163):0.6376551681316115):1.6784606948414522,F_1:2.969382948202709):1.0038370644618522;
((D_1:0.8057061037403399,(A_1:0.6067864546578614,C_1:0.6067864546578615):0.1989196490824784):0.2522043889808264,B_1:1.0579104927211662):1.1695042478245052;
B_1:1.0587888811630468;
B_1:0.9766469887228111;
A_1:0.782207084526787;
B_1:0.3910984053750105;
B_1:0.3044291227715656;
B_1:0.016245421094713414;
(E_1:1.7120038285819037,F_1:1.7120038285819037):0.2696151772883164;
(J_1:1.62183133002626,(G_1:0.5630930449484144,H_1:0.5630930449484145):1.0587382850778453):3.0282316168462993;
K_1:4.625933563254101;
L_1:2.420124669308106;
((H_1:0.29239714452665394,I_1:0.29239714452665394):0.10863821149295737,G_1:0.40103535601961127):0.3084976717626509;
I_1:0.6437646839121447;
H_1:0.06324278640626177;
L_1:2.2212556921946143;
