(((B_1:0.2637716011895206,C_1:0.2637716011895206):0.10898351307026001,A_1:0.37275511425978053):1.9023430623790674,D_1:2.275098176638848):4.231531931090687;
(E_1:1.3158670531540977,F_1:1.3158670531540977):1.5352421926918043;
B_1:0.44282465518034525;
B_1:0.4422389528343155;
A_1:0.354750722546185;
E_1:0.781049112532796;
