((J_1:3.8498608576474878,((I_1:0.4433303798368344,G_1:0.4433303798368343):0.2373776208964476,H_1:0.680708000733282):3.169152856914206):1.6980080434440776,(F_1:3.992759938518934,(A_1:2.4524152524038105,E_1:2.4524152524038105):1.5403446861151233):1.5551089625726313):0.0;
E_1:5.09732683228617;
E_1:4.062883536435745;
F_1:3.713235968274219;
F_1:3.618236505680381;
((E_1:1.529165495257981,F_1:1.529165495257981):0.9327030571273565,((D_1:1.0425742363697186,(B_1:0.23906481738043248,C_1:0.23906481738043248):0.803509418989286):0.5897964465058757,A_1:1.6323706828755942):0.8294978695097432):0.6710524975891969;
(A_1:0.5831045917308249,C_1:0.5831045917308249):0.2864973048026236;
B_1:0.8259293072334286;
B_1:0.16773969212809228;
(F_1:1.0663977658027337,E_1:1.0663977658027337):0.736084750331697;
F_1:1.437994863630652;
E_1:0.7020760340899177;
E_1:0.4290673352040295;
F_1:0.667802025726197;
F_1:0.65992645380159;
((I_1:0.4262088665160324,H_1:0.4262088665160324):2.27585558221367,L_1:2.7020644487297028):1.241251676627628;
J_1:0.21036945195878975;
(L_1:1.0165173953555735,K_1:1.0165173953555735):1.0070559395781826;
L_1:0.5436838516930054;
