((((C_1:0.39900572972318327,A_1:0.3990057297231832):2.0650258951620435,B_1:2.4640316248852265):0.4049431780762504,E_1:2.868974802961477):2.778391491423194,(J_1:1.0869818236888793,H_1:1.0869818236888793):4.560384470695792):0.0;
C_1:0.19422541354625855;
(E_1:1.1708574026252097,F_1:1.1708574026252097):0.8626532231696158;
(F_1:1.0050132202588071,E_1:1.0050132202588071):0.11358150993823268;
F_1:0.6278007675006683;
F_1:0.10508109005428423;
H_1:0.5007579033169209;
J_1:0.4511502204797568;
J_1:0.40515311059193443;
