J_1:5.627744261897199;
((C_1:0.9405222316180668,D_1:0.9405222316180668):1.8322462377578779,(E_1:2.3177023243048733,(A_1:1.035954687795495,B_1:1.035954687795495):1.2817476365093783):0.4550661450710714):2.2126493008794172;
A_1:0.09555235129636058;
E_1:0.4509158733074211;
((K_1:1.8519471519182487,L_1:1.8519471519182487):1.9239651428680595,I_1:3.775912294786308):0.9042510125700387;
(I_1:1.0549871856946544,H_1:1.0549871856946544):1.0670585651949351;
((H_1:0.2164727697357563,I_1:0.2164727697357563):0.4227472950981807,G_1:0.639220064833937):1.1158406273980157;
I_1:1.4471700642434744;
I_1:1.018146090442382;
H_1:0.11754184389200549;
K_1:1.221905021446474;
K_1:0.3761015755374786;
