(D_1:2.0344041632626895,((B_1:0.24577794609705111,C_1:0.24577794609705111):0.244956916541629,A_1:0.4907348626386801):1.5436693006240092):3.9127668075564506;
F_1:2.707850610828346;
F_1:0.04061626977719801;
