(E_1:2.4315913617405007,D_1:2.4315913617405007):1.802271145089927;
(D_1:1.1409543780664808,((C_1:0.2764850733588477,B_1:0.2764850733588477):0.2368696444383121,A_1:0.5133547177971598):0.627599660269321):2.922404886774058;
F_1:2.8635814363709424;
F_1:2.485655701713928;
D_1:0.5597284026788766;
E_1:1.8979620770054104;
E_1:0.20916555695070504;
