F_1:3.771986163315433;
((B_1:0.8433173268952795,C_1:0.8433173268952795):0.2031095298797805,D_1:1.04642685677506):1.043425117828463;
A_1:0.26811685075096203;
A_1:0.15767204919953992;
F_1:1.6262263817002003;
F_1:1.2725426496758068;
E_1:1.0192970651407751;
((H_1:0.4666208591067832,G_1:0.4666208591067832):3.8278616824909406,K_1:4.2944825415977235):0.27614264675198535;
G_1:0.6302618405699207;
G_1:0.2961318148296726;
G_1:0.20492111625498646;
K_1:0.7332234106116726;
K_1:0.10340397679692548;
