((I_1:0.479749196466846,G_1:0.47974919646684594):5.794089623575558,(E_1:3.0728843695904384,((A_1:0.6558250754079009,C_1:0.6558250754079009):0.7327088135278681,(B_1:1.188094030594987,D_1:1.188094030594987):0.20043985834078204):1.6843504806546692):3.200954450451966):0.0;
E_1:0.8928448418688959;
(((I_1:0.2447480986393768,H_1:0.2447480986393768):0.774271379307514,J_1:1.0190194779468909):2.194174484046459,(K_1:1.6424196731318823,L_1:1.6424196731318823):1.5707742888614677):0.5370274271821471;
((H_1:0.9476423598529048,J_1:0.9476423598529048):0.5042797525472418,I_1:1.4519221124001467):0.16048037048495623;
I_1:0.1116551928703379;
J_1:0.523631059454621;
K_1:0.9852775946095326;
L_1:0.4005734746982147;
