(((L_1:1.902929952338583,K_1:1.902929952338583):0.8961266404171453,(G_1:0.4080995565690785,(H_1:0.4046543934640751,I_1:0.4046543934640751):0.0034451631050034463):2.3909570361866495):3.43598046958465,(F_1:2.6518626737158524,(C_1:0.5034524791747068,A_1:0.5034524791747068):2.148410194541146):3.5831743886245255):0.0;
((B_1:2.4352818383176373,F_1:2.4352818383176373):0.27308883696468234,D_1:2.7083706752823193):0.7190266190683645;
G_1:0.5831645302001849;
L_1:1.9952110918727097;
K_1:1.542436472573145;
L_1:0.39768300644618326;
