((F_1:4.0440296497732575,(C_1:0.8797706578321027,(B_1:0.564304340472805,A_1:0.564304340472805):0.3154663173592977):3.1642589919411552):2.3895690930260534,(K_1:2.6307170676143437,(L_1:2.388724766181093,I_1:2.388724766181093):0.24199230143325057):3.8028816751849672):0.0;
(F_1:2.623923611498701,(C_1:2.331277179513944,(D_1:1.3925551243691907,(B_1:0.8945323630938641,A_1:0.8945323630938641):0.4980227612753266):0.9387220551447533):0.2926464319847571):2.121605566558249;
(E_1:2.0765354943080134,F_1:2.0765354943080134):0.28072584780597953;
D_1:0.5504419033735678;
E_1:0.2785471064543754;
F_1:0.41018668656701474;
K_1:1.7122005981510924;
L_1:0.9461574187031357;
