(K_1:4.250134329955384,((H_1:2.869330881835489,(I_1:0.3965170755509089,G_1:0.39651707555090887):2.47281380628458):0.7900263733406718,L_1:3.6593572551761606):0.5907770747792235):1.8460158888335405;
((H_1:0.685318069475368,G_1:0.6853180694753679):0.5703417937990953,I_1:1.2556598632744633):3.006815447715356;
K_1:3.895446885638199;
(G_1:0.7717545250717659,I_1:0.7717545250717659):2.634847389174179;
(((I_1:0.8993046255392267,J_1:0.8993046255392267):0.21070713091071588,G_1:1.1100117564499425):1.388379823153567,(H_1:2.337374402420158,L_1:2.3373744024201586):0.16101717718335076):0.42429047646160223;
J_1:2.8013609719482635;
G_1:2.452118917369165;
(K_1:1.8188553169728772,L_1:1.8188553169728772):0.6197051443257677;
(H_1:0.2409070619643053,I_1:0.2409070619643053):1.9991097336446164;
(((H_1:0.6875401576908151,G_1:0.687540157690815):0.1558936632119367,I_1:0.8434338209027518):0.2812630335696376,J_1:1.1246968544723894):1.0198515343717682;
J_1:1.7017397090313964;
(I_1:0.6061951175248728,H_1:0.6061951175248728):0.06767938242430804;
I_1:0.6257799578051315;
H_1:0.4563783414844575;
G_1:0.3832656766596213;
G_1:0.28314365179142975;
G_1:0.24850888108322997;
H_1:0.128780985807113;
I_1:0.043748617858742095;
J_1:0.15544628261091076;
J_1:0.04939241742858802;
L_1:0.3713001729197726;
L_1:0.3089615545600526;
