(F_1:5.400703423305783,((L_1:1.213379836563691,K_1:1.213379836563691):1.3915477271405896,J_1:2.6049275637042806):2.7957758596015028):0.0;
E_1:0.5249368995315633;
F_1:0.45126060137481006;
L_1:0.5308515134094557;
