((D_1:1.5260579440497597,(A_1:0.7506890044793982,(C_1:0.6438214070887733,B_1:0.6438214070887733):0.10686759739062493):0.7753689395703613):0.9703311271893708,(F_1:2.1371915750049024,E_1:2.1371915750049024):0.35919749623422803):3.264841123628901;
A_1:0.10625542410057967;
A_1:0.08702769461053095;
D_1:0.13430469219165797;
D_1:0.006031202791311641;
E_1:0.8506786314583471;
E_1:0.3746537100149101;
E_1:0.33472855711545424;
