(((F_1:3.119415949602149,A_1:3.119415949602149):0.17663978193754035,(C_1:1.0939541880444372,D_1:1.0939541880444372):2.2021015434952522):2.124286178921328,((J_1:1.710050502893858,I_1:1.710050502893858):2.0408856992900244,(H_1:0.9047667443217091,G_1:0.9047667443217091):2.846169457862173):1.6694057082771356):0.0;
(E_1:2.4739438544521954,(D_1:2.042134580812843,(C_1:1.3016194455801537,B_1:1.3016194455801537):0.7405151352326894):0.4318092736393525):0.019482587033009313;
B_1:0.17093556757847683;
E_1:1.8280212079089913;
J_1:1.230002054563927;
J_1:0.9211319568996148;
(I_1:0.344547760594159,H_1:0.344547760594159):0.5698955129827876;
G_1:0.29486579494949655;
G_1:0.21520079035627251;
H_1:0.2822628430234485;
J_1:0.5661308091139171;
