(L_1:1.4077030448553536,K_1:1.4077030448553536):4.23667837911043;
L_1:2.613774703423997;
L_1:1.9302688695459593;
