(((J_1:1.6211447230416032,(G_1:0.9012400147516804,(H_1:0.25997689868415,I_1:0.25997689868415):0.6412631160675303):0.7199047082899227):1.146837608681243,K_1:2.767982331722846):5.425816466505667,((D_1:1.6624998311402455,B_1:1.6624998311402455):0.005315728825429182,A_1:1.6678155599656745):6.525983238262839):0.0;
F_1:2.295711782270775;
E_1:1.3522713162749938;
J_1:0.41112758668295;
