((F_1:1.3501188748729265,E_1:1.3501188748729265):2.477948984987089,(D_1:2.2049504492413545,((B_1:0.4891714836934543,C_1:0.4891714836934543):0.45792809159188763,A_1:0.9470995752853419):1.2578508739560128):1.6231174106186608):2.71681974782504;
F_1:2.80272323049793;
E_1:1.4507760309755384;
F_1:0.7142765776115122;
