(((H_1:0.5077765107654201,G_1:0.50777651076542):1.3639522829230974,(J_1:1.532094783879466,I_1:1.532094783879466):0.3396340098090516):1.6197094113507737,(L_1:1.8112737253870161,K_1:1.8112737253870161):1.6801644796522752):2.3317861036363383;
(((C_1:1.0083888732827746,D_1:1.0083888732827746):1.0370953529334708,(B_1:0.4935369769342318,A_1:0.49353697693423176):1.5519472492820137):1.1265252556985064,E_1:3.1720094819147517):1.2562485877009975;
E_1:0.8153123179807513;
E_1:0.7119329820691356;
E_1:0.3005573061608644;
