((((J_1:0.8560372122308688,I_1:0.8560372122308688):0.20735986143447796,G_1:1.0633970736653469):1.4536221141135952,(K_1:1.064602687008884,L_1:1.064602687008884):1.452416500770058):5.171127436856835,((A_1:0.6528848944316124,C_1:0.6528848944316124):0.437249937887268,B_1:1.0901348323188804):6.598011792316896):0.0;
D_1:1.5599903166188955;
D_1:0.9846259654458629;
((((G_1:0.46607719317975255,H_1:0.4660771931797526):0.7071962260090416,I_1:1.1732734191887941):1.5488847156986811,L_1:2.722158134887475):0.7316618282245398,J_1:3.453819963112015):1.3948861447494787;
G_1:0.1253070623832882;
H_1:0.2863806785147691;
