(A_1:4.489185431889274,(E_1:2.946054129454604,F_1:2.946054129454604):1.5431313024346698):3.2796068397052203;
((D_1:1.071713716798311,(A_1:0.4969084437531349,B_1:0.4969084437531349):0.574805273045176):1.4486060413056532,F_1:2.5203197581039642):1.1747023880751;
F_1:3.3788960528846506;
A_1:0.4355847070490411;
D_1:0.327347022022847;
F_1:1.1907491580992364;
F_1:0.09301386652526167;
(J_1:2.7751112873592065,(G_1:0.4889789269803221,(H_1:0.4163522421577793,I_1:0.4163522421577793):0.07262668482254288):2.2861323603788843):1.2742580763364062;
H_1:0.10398427674523004;
J_1:0.001612609943996146;
K_1:1.780121083606083;
K_1:0.8509651896380797;
