((E_1:1.0981432834668516,F_1:1.0981432834668516):1.898080147044666,((B_1:0.4199747461664022,C_1:0.4199747461664022):0.6136447287008571,(D_1:1.033162603987714,A_1:1.033162603987714):0.00045687087954512023):1.9626039556442583):5.140823346858496;
F_1:1.2090967467551164;
E_1:0.5211155689513599;
