((L_1:2.573590869245245,(J_1:1.6364372250580739,((I_1:0.42620910317397664,G_1:0.4262091031739766):0.18354674823080508,H_1:0.6097558514047817):1.0266813736532923):0.9371536441871706):3.0082702305214726,(F_1:1.0826928686594222,E_1:1.0826928686594222):4.499168231107295):0.0;
G_1:2.101106912305121;
J_1:0.6260826746722412;
(L_1:1.7795358712352973,K_1:1.7795358712352973):0.18621880805194735;
K_1:0.6748679600723007;
