((L_1:1.3622235480912372,K_1:1.3622235480912372):3.4807624621843964,(J_1:1.871829367797253,(G_1:0.629914805101861,(H_1:0.5271787308607371,I_1:0.5271787308607371):0.1027360742411241):1.2419145626953918):2.9711566424783804):2.218285311974422;
((G_1:0.5262425773158605,I_1:0.5262425773158605):0.9517682298294182,J_1:1.4780108071452789):0.704905374411922;
J_1:1.4912134167540598;
(I_1:0.8150689406133946,J_1:0.8150689406133946):0.2885645017160041;
J_1:0.861152718816008;
I_1:0.5403596714621031;
I_1:0.23658598833300112;
J_1:0.6332905527199673;
J_1:0.40902875882170164;
