L_1:6.6157029396942875;
K_1:3.825733595143279;
L_1:3.6058185225669814;
(H_1:0.5149465546913026,I_1:0.5149465546913026):1.0771953904737446;
K_1:0.7038341588558077;
