((((H_1:0.7915884145242194,G_1:0.7915884145242194):0.2538362152308693,I_1:1.0454246297550887):1.5704500173773228,(K_1:2.1177623831061982,L_1:2.1177623831061982):0.4981122640262133):0.6142727545900111,J_1:3.2301474017224225):3.542684023082974;
H_1:0.7715473550590817;
J_1:0.7713858054882183;
L_1:0.011753121828055546;
