((D_1:1.9299935165430577,(B_1:0.9760466186319929,C_1:0.9760466186319929):0.9539468979110648):1.3263096539467438,(F_1:2.1232464561632547,E_1:2.1232464561632547):1.133056714326547):2.3482765578635627;
(D_1:2.5519090550750536,(((C_1:0.36192166828583194,A_1:0.3619216682858319):1.1302820705930032,B_1:1.4922037388788352):1.0181787711237167,(E_1:1.1053000059242133,F_1:1.1053000059242133):1.4050825040783386):0.041526545072502044):1.469953053575614;
D_1:0.9113929983708051;
E_1:0.2556758305643223;
E_1:0.043867722155339184;
