((K_1:2.9963497136360497,(H_1:0.8554235952115498,(I_1:0.8243894680462425,J_1:0.8243894680462425):0.031034127165307263):2.1409261184245):5.213339727844435,((C_1:1.0098612746897118,(A_1:0.5285621894077284,B_1:0.5285621894077285):0.4812990852819833):0.4772507486973112,D_1:1.487112023387023):6.722577418093461):0.0;
(F_1:2.0699403727960712,E_1:2.0699403727960712):3.024574713366416;
(D_1:1.7604187564388325,((C_1:0.38630750480153064,A_1:0.3863075048015306):0.5582917711924014,B_1:0.944599275993932):0.8158194804449004):2.640233584212484;
((B_1:2.446760960933433,(A_1:1.1136318172620845,C_1:1.1136318172620845):1.333129143671349):0.02012406201986044,D_1:2.4668850229532935):1.100718285332712;
B_1:0.8671007395447423;
A_1:0.7110822674889546;
A_1:0.27775219956969943;
F_1:0.7928008080179675;
H_1:0.5916941717372253;
H_1:0.3587695841141482;
