(I_1:2.3880547997359267,H_1:2.3880547997359267):3.982590215386182;
J_1:1.5142048946620248;
H_1:0.16705275045516554;
J_1:0.41949257759636144;
J_1:0.10704945446726377;
