(((E_1:3.051803442759434,F_1:3.051803442759434):0.4323536375320358,((B_1:0.7061295067921649,A_1:0.7061295067921649):0.19413723387325907,C_1:0.9002667406654239):2.5838903396260466):3.409181989121352,J_1:6.893339069412822):0.0;
(F_1:1.3969837755820542,E_1:1.3969837755820542):0.49147536289340543;
E_1:0.8685208681752734;
E_1:0.7900623562828527;
F_1:0.6825219378510818;
