((J_1:2.787010636691405,((K_1:1.1363633108037379,L_1:1.1363633108037379):1.4284761485518827,I_1:2.5648394593556207):0.22217117733578431):3.621092638904711,(A_1:0.35738993260560226,B_1:0.3573899326056023):6.050713342990514):0.0;
(F_1:4.0306422138352636,((B_1:0.3207081874805477,A_1:0.32070818748054764):1.7488095452810843,C_1:2.069517732761632):1.9611244810736315):0.9896234278381648;
D_1:4.44679505980451;
D_1:0.7391612687024331;
F_1:0.21731891765172895;
(J_1:1.248340478952582,(I_1:0.6154178418266392,(G_1:0.5719589092957704,H_1:0.5719589092957704):0.04345893253086876):0.6329226371259429):2.1414909702702434;
H_1:0.6953503719581544;
H_1:0.2967988367206842;
L_1:2.1277279941360785;
K_1:1.8956918354128174;
(K_1:1.0584300720738056,L_1:1.0584300720738056):0.22766755447884424;
K_1:0.39923749585801516;
