(D_1:3.1606393655666505,E_1:3.1606393655666505):4.23054792868516;
D_1:0.2678242643679727;
D_1:0.0016582433273613084;
E_1:0.8307717502021253;
E_1:0.622390309579413;
E_1:0.5415962459541201;
