((K_1:3.47627525681065,((I_1:0.8907312113972129,(G_1:0.7425874098382814,H_1:0.7425874098382814):0.14814380155893137):1.0191485994123763,J_1:1.9098798108095894):1.566395446001061):2.0533646306752433,(E_1:2.0219028222381548,F_1:2.0219028222381548):3.5077370652477384):0.0;
E_1:0.6072939222964135;
K_1:2.04896015161654;
K_1:0.5011949506119118;
