((B_1:0.8106737552428194,(C_1:0.7175893618222235,A_1:0.7175893618222235):0.09308439342059581):0.7909439729441123,D_1:1.6016177281869317):2.7598705900835294;
((D_1:1.2229636089476192,A_1:1.2229636089476192):0.8432586103645767,B_1:2.0662222193121957):2.1146418522970225;
(F_1:2.3574175620791467,(C_1:1.318801040959761,(A_1:0.46158438219065884,B_1:0.4615843821906589):0.857216658769102):1.0386165211193858):1.586672878778172;
D_1:3.771738832322505;
E_1:3.467780854498459;
(A_1:2.324647257030249,E_1:2.324647257030249):0.538803144145819;
(C_1:0.25694946656029377,B_1:0.25694946656029377):2.308139970397722;
(C_1:0.3951207596191984,A_1:0.39512075961919835):1.6156218307380785;
((B_1:0.4892480210277963,C_1:0.4892480210277963):0.3553650333421976,D_1:0.8446130543699939):0.5240968391251459;
(C_1:0.9819174063226181,A_1:0.9819174063226181):0.3528945141078508;
A_1:1.188678960330828;
(A_1:0.31943284517819664,C_1:0.3194328451781967):0.8168650713717986;
C_1:1.0343403219109037;
B_1:0.7275120688546513;
(B_1:0.5493976865631844,C_1:0.5493976865631844):0.021015757943227187;
B_1:0.4053920547770251;
A_1:0.33911813972807;
A_1:0.16743844130019855;
A_1:0.0867577193015995;
B_1:0.08449751992314035;
D_1:0.5488798313235846;
D_1:0.411131097801004;
D_1:0.38721890664832037;
D_1:0.2875737586688363;
F_1:1.9015492092769954;
