(((J_1:1.2107983658512314,(I_1:0.8908414915173404,H_1:0.8908414915173404):0.31995687433389103):2.980474997397972,(L_1:1.3844045632271815,K_1:1.3844045632271815):2.8068688000220217):2.6829970594609707,((C_1:2.760731098453957,(B_1:0.8328718113719923,A_1:0.8328718113719923):1.9278592870819646):1.2829536640727501,(E_1:1.5849696880762316,F_1:1.5849696880762316):2.4587150744504753):2.8305856601834662):0.0;
E_1:2.489323038978774;
E_1:0.9677388755327672;
F_1:0.6512376995461062;
(G_1:0.5574004423462798,(H_1:0.2300408695936902,I_1:0.2300408695936902):0.3273595727525897):1.0671185227411453;
(J_1:0.9123458299183362,(I_1:0.8412410281174648,G_1:0.8412410281174648):0.07110480180087146):0.25494166535724094;
K_1:0.36029099970448497;
K_1:0.3427402705847167;
K_1:0.2768796668074909;
K_1:0.11956567766133441;
