(((J_1:1.3699269427420224,I_1:1.3699269427420224):0.1029160785298475,G_1:1.47284302127187):1.1251438935917544,L_1:2.5979869148636245):2.8283672632802634;
H_1:0.21927218382077424;
L_1:0.7202420928084645;
