(((F_1:2.4178287306067996,C_1:2.4178287306067996):1.6101747184801838,E_1:4.028003449086984):1.7678752389760315,(K_1:1.6869142432538093,L_1:1.6869142432538093):4.108964444809206):0.0;
(((D_1:0.8939863716963382,(A_1:0.5613656256717109,C_1:0.561365625671711):0.3326207460246272):1.4383091277473996,B_1:2.332295499443738):0.11086394038341335,F_1:2.4431594398271512):0.2376431648603264;
B_1:1.355856055166291;
F_1:1.7445368458747765;
F_1:1.0967676957576435;
F_1:1.0082782636474388;
