(L_1:5.423682364776525,((B_1:1.5123181669653485,(C_1:1.059649571675051,A_1:1.059649571675051):0.4526685952902975):1.9097176529310615,(E_1:1.4195649661212655,F_1:1.4195649661212655):2.0024708537751446):2.001646544880115):0.0;
((C_1:0.6309490565669417,B_1:0.6309490565669417):0.35763734947229586,D_1:0.9885864060392375):2.2579655829824503;
(E_1:2.3485394867163683,F_1:2.3485394867163683):0.7123390548167072;
((A_1:0.7602389420754985,(C_1:0.2253912700252685,B_1:0.2253912700252685):0.53484767205023):1.2091079121562753,D_1:1.9693468542317738):0.5916925251426417;
(D_1:1.719758067844761,(B_1:0.5484667275200683,C_1:0.5484667275200683):1.1712913403246925):0.6393377315408535;
(C_1:0.2889238763429928,B_1:0.2889238763429928):0.5741681995980914;
B_1:0.5813421984274192;
A_1:0.5224646726167228;
B_1:0.13391632359270425;
C_1:0.006434099512890146;
(E_1:1.2807950044824143,F_1:1.2807950044824143):0.5272697910041462;
E_1:0.9146277479478073;
E_1:0.35957309029153717;
E_1:0.3518122786211666;
E_1:0.32986065199181613;
E_1:0.07652705378559965;
F_1:0.9759648136966342;
F_1:0.610314672659538;
F_1:0.43128854561351715;
F_1:0.3646526234304954;
K_1:3.317770520717372;
K_1:1.9388406592892549;
K_1:0.9988584006440907;
K_1:0.8029315515307762;
