((L_1:1.002085223386999,K_1:1.002085223386999):1.6014667863302505,(H_1:0.3600004932884811,I_1:0.3600004932884811):2.2435515164287687):4.042659313416594;
(B_1:1.0615988861570835,D_1:1.0615988861570835):0.40556443291324795;
B_1:0.9358702459848389;
D_1:0.38312669914169817;
K_1:0.5142646297451672;
