((J_1:0.9298990770516693,(G_1:0.6980958379596967,I_1:0.6980958379596967):0.23180323909197262):0.1301113083481207,H_1:1.06001038539979):5.595534557334326;
L_1:1.9570789259896268;
L_1:0.40782593877218143;
