(((D_1:2.0693528150365577,B_1:2.0693528150365577):2.2209322809692322,F_1:4.290285096005789):3.2182674890886327,((I_1:1.3175559588052552,(J_1:1.159664204546616,H_1:1.159664204546616):0.15789175425863936):1.9995110769007498,K_1:3.3170670357060046):4.1914855493884176):0.0;
E_1:1.907140201537755;
((J_1:0.8523579783325043,I_1:0.8523579783325044):0.45214788414476725,H_1:1.3045058624772716):1.5098726441975492;
G_1:0.5056062620988299;
L_1:2.2961209057171477;
(K_1:1.297131525136653,L_1:1.297131525136653):0.2927287745927514;
K_1:0.6627944930080116;
K_1:0.16421022638944616;
