(F_1:8.36381259385406,K_1:8.363812593854059):0.0;
(E_1:1.1260813541316914,F_1:1.1260813541316914):2.4278374211044422;
(((C_1:1.0672873565248675,(B_1:0.8706754025140087,D_1:0.8706754025140087):0.19661195401085874):1.3753763913563082,E_1:2.4426637478811752):0.1259291395548847,F_1:2.56859288743606):0.6239667130915563;
(E_1:1.2150629289591541,F_1:1.2150629289591541):1.5126848313928671;
B_1:0.4300931986992215;
E_1:0.7646874825149034;
E_1:0.39418348168956785;
E_1:0.00615607413011221;
L_1:4.184139698136114;
K_1:0.9155604070970227;
