(L_1:1.208097676473329,K_1:1.208097676473329):2.528702723359281;
(K_1:1.4240302416788402,L_1:1.4240302416788402):1.8539296293401284;
((K_1:1.0788792753339287,L_1:1.0788792753339287):1.6654513143038285,(H_1:0.741291352587919,I_1:0.741291352587919):2.003039237049838):0.37764547252043634;
K_1:2.800177896649526;
G_1:0.4220373228148175;
K_1:1.6327172588250551;
K_1:0.6556716524095573;
K_1:0.21604851794737678;
K_1:0.14990827481635427;
K_1:0.1176649374943447;
