(((B_1:0.7316158070095125,A_1:0.7316158070095122):2.142746153261026,F_1:2.8743619602705386):0.23886165733296597,D_1:3.113223617603504):2.33655203038508;
F_1:2.1623159108869667;
E_1:0.34377675358770776;
F_1:0.43247081538802457;
