((K_1:1.5525773378306038,L_1:1.5525773378306038):4.161129510118611,(((C_1:0.3937082217978059,A_1:0.39370822179780585):0.43691845027339826,D_1:0.8306266720712041):1.8838398658622977,F_1:2.714466537933502):2.999240310015713):0.0;
F_1:3.669297369260872;
F_1:0.21685567651015902;
