(K_1:2.728726647864865,(((I_1:0.30262990455916494,H_1:0.30262990455916494):0.9179144207428014,G_1:1.2205443253019663):0.23099525179434668,J_1:1.451539577096313):1.277187070768552):2.8553998086275123;
F_1:4.425897280220326;
L_1:0.8509967763115698;
