(((G_1:0.7874675969890526,H_1:0.7874675969890526):1.650051798884081,(L_1:2.419488599172946,(J_1:1.0305110176387287,I_1:1.0305110176387287):1.388977581534217):0.018030796700188152):4.2499369893520935,((F_1:2.5701616964414775,E_1:2.5701616964414775):0.1591909456501674,((D_1:0.8525617072220602,A_1:0.8525617072220602):1.4426452002534527,(C_1:0.7079038134136015,B_1:0.7079038134136015):1.5873030940619113):0.4341457346161325):3.958103743133582):0.0;
(B_1:1.7708235110063506,(A_1:1.4062238849941315,C_1:1.4062238849941315):0.3645996260122191):0.06210035598559127;
D_1:0.9351370229981371;
((A_1:0.40312727033989837,B_1:0.4031272703398984):0.05253297071534088,C_1:0.4556602410552393):0.00594873485933306;
A_1:0.3496322513102443;
A_1:0.21337835883196754;
F_1:0.5098786401469704;
F_1:0.3850248573356425;
