(F_1:3.232249689231508,E_1:3.232249689231508):2.0634965382011936;
F_1:4.5557696243454355;
F_1:0.41760350336956964;
