(L_1:5.823960935073614,(E_1:2.474637037487148,F_1:2.474637037487148):3.3493238975864656):0.0;
(D_1:1.793494571349364,(B_1:1.7494905075100609,(C_1:1.0279387265264195,A_1:1.0279387265264195):0.7215517809836415):0.04400406383930306):2.8741937372149104;
F_1:2.5982412224630185;
F_1:0.4691787678078727;
((G_1:1.3766270451506615,(J_1:0.9541703874357501,I_1:0.9541703874357501):0.42245665771491137):1.138104842669752,(K_1:1.332443695316346,L_1:1.332443695316346):1.1822881925040674):1.1975658951814894;
J_1:1.1311004679814882;
J_1:0.02188320190072479;
J_1:0.0026053336891291856;
K_1:0.4956051484695686;
L_1:0.19993851300349796;
