F_1:5.689237427435579;
((((B_1:0.5868730856349933,C_1:0.5868730856349933):0.059585094184238484,A_1:0.6464581798192317):0.8341075775040936,D_1:1.4805657573233253):2.3961556264231456,F_1:3.8767213837464705):0.4008826476234182;
(C_1:0.8607840988209892,D_1:0.8607840988209892):0.032872513103721746;
F_1:2.1340854024104967;
E_1:1.6669309278828952;
