((L_1:1.5898193424742244,K_1:1.5898193424742244):3.987393371525637,(G_1:2.1112035111198804,(J_1:1.4342231804039731,I_1:1.4342231804039731):0.6769803307159075):3.466009202879981):0.0;
J_1:1.259846600226214;
J_1:0.7392690763559944;
J_1:0.5171472083408817;
L_1:0.30854930254029667;
L_1:0.16211542735380835;
