(F_1:5.530567480392698,((I_1:0.6211360251642851,G_1:0.621136025164285):1.4194148080513664,H_1:2.0405508332156512):3.490016647177046):0.0;
F_1:3.009356968995701;
E_1:1.7423863783088027;
(E_1:1.30474676176512,F_1:1.30474676176512):0.1503124509243814;
E_1:0.894372559104256;
F_1:0.522957747342506;
G_1:0.21893951154833205;
