(((I_1:0.5313136895359762,H_1:0.5313136895359762):0.8216040805512335,J_1:1.3529177700872097):2.0596494117559487,(L_1:1.6743975620621254,K_1:1.6743975620621254):1.7381696197810328):1.705470762869819;
(J_1:2.603976711141679,L_1:2.603976711141679):0.7853199952965868;
(L_1:1.1714926571806432,K_1:1.1714926571806432):1.7637927857270004;
L_1:2.698924685744715;
((G_1:0.4855298843163849,H_1:0.485529884316385):0.7055848748379828,J_1:1.1911147591543678):0.9772325369981925;
I_1:1.8400622062483805;
(G_1:0.9760144773676649,H_1:0.9760144773676649):0.6678687755747006;
H_1:1.2654650242491727;
(G_1:0.9104327872506645,J_1:0.9104327872506646):0.14674056143280334;
J_1:1.056328375734127;
G_1:0.231520008066611;
G_1:0.12193168586672018;
H_1:0.02236361164584516;
J_1:0.765144973135708;
J_1:0.2713738293255754;
J_1:0.2666335885698006;
J_1:0.07290268058597937;
K_1:0.7990709729091272;
K_1:0.03843830638923329;
L_1:0.8635279401963203;
L_1:0.7922994182400956;
