((E_1:1.1968355796639853,F_1:1.1968355796639853):1.3298487376675734,((C_1:0.9829933549637533,(D_1:0.8459569994159604,B_1:0.8459569994159604):0.1370363555477929):1.259525261533624,A_1:2.242518616497377):0.28416570083418125):2.906650171703017;
(F_1:1.3999105113235824,E_1:1.3999105113235824):3.091698780563249;
B_1:0.6453094281688678;
A_1:0.35270280395268255;
A_1:0.17539009261402908;
A_1:0.16432910618403868;
E_1:2.1686704759955986;
F_1:0.35509685958426407;
