J_1:3.778702558787124;
H_1:0.9341954328412279;
