(((I_1:0.8476685354458005,H_1:0.8476685354458005):0.0624117658074006,G_1:0.910080301253201):3.496270332129254,(L_1:1.3108246246763562,K_1:1.3108246246763562):3.0955260087060985):1.3693817449038657;
G_1:0.25410101337575786;
K_1:2.137007346591617;
