(((L_1:2.6648347951735443,K_1:2.6648347951735443):0.4953135698058634,(G_1:0.6363209037375701,H_1:0.6363209037375701):2.5238274612418374):3.1601546237210396,(E_1:1.2051100064980353,F_1:1.2051100064980353):5.115192982202412):0.0;
E_1:1.7738580629187453;
K_1:0.9705279315228057;
