((A_1:0.5274703421928476,(C_1:0.4251185824190197,B_1:0.4251185824190197):0.10235175977382809):0.30589229748646607,D_1:0.8333626396793139):4.641651023043317;
((B_1:1.6536900903083114,(A_1:0.9606202432831965,D_1:0.9606202432831965):0.6930698470251149):0.37187411353215866,C_1:2.02556420384047):1.5295078016890582;
(B_1:0.8277827772253753,(A_1:0.32721679418480554,C_1:0.3272167941848056):0.5005659830405698):1.4223075780450147;
A_1:1.761098891699107;
D_1:1.4852575458140882;
B_1:0.4776252045190411;
A_1:0.25510113476408164;
A_1:0.1021330311335305;
B_1:0.21952216994539034;
B_1:0.07847127655240076;
B_1:0.04476260295688789;
