((H_1:0.5596166897753398,I_1:0.5596166897753398):0.5317312186306387,J_1:1.0913479084059785):4.363894702770095;
((E_1:1.1603769421981398,F_1:1.1603769421981398):1.3216916756085093,((A_1:0.38369709004318947,B_1:0.3836970900431895):0.08849147450780935,C_1:0.4721885645509989):2.0098800532556504):1.9604366740295527;
(D_1:1.561013636354497,(C_1:0.5713882201459798,(A_1:0.5027022443431535,B_1:0.5027022443431535):0.06868597580282636):0.9896254162085172):2.856109739189467;
F_1:3.3843445044263225;
E_1:3.23737880678065;
((A_1:1.0508269606820568,B_1:1.0508269606820568):1.4102382876364585,C_1:2.4610652483185147):0.5261148073652326;
(E_1:1.5197770522863219,F_1:1.5197770522863219):0.8750078603107947;
((A_1:0.8046500253839592,C_1:0.8046500253839592):0.5010454921219843,D_1:1.3056955175059435):1.0612139400573901;
((C_1:0.24329143173981105,B_1:0.24329143173981105):0.34580718653156933,A_1:0.5890986182713803):0.5762626086331264;
D_1:0.9646290361225822;
A_1:0.16875843814019215;
C_1:0.07762659722658158;
D_1:0.5467454920035866;
D_1:0.3975824766134691;
F_1:1.8802855995673429;
(F_1:1.5570262986126826,E_1:1.5570262986126826):0.26877518613056517;
F_1:1.6575147935142676;
F_1:1.4131139044431937;
F_1:1.0604131309255533;
E_1:1.0029654604698228;
K_1:3.1973450194405073;
(J_1:1.148500336454591,G_1:1.148500336454591):0.24983269137993225;
J_1:1.2512278838158706;
