(((B_1:0.8827515654513469,C_1:0.8827515654513469):2.2023605898429075,D_1:3.085112155294254):2.268884225461051,F_1:5.353996380755305):2.094808642119872;
E_1:1.832951105466682;
F_1:1.5386368363232799;
E_1:1.4542618571498866;
