L_1:6.817131611591571;
K_1:0.8531967856502343;
