(L_1:1.807537691870045,K_1:1.807537691870045):4.511558432632961;
((L_1:1.0454692603273414,K_1:1.0454692603273414):1.9553718005111986,((H_1:0.3390756533446328,I_1:0.3390756533446328):0.6601355591326173,G_1:0.9992112124772502):2.00162984836129):1.389863668084538;
((G_1:0.6345034268299492,H_1:0.6345034268299492):0.07715269380624419,I_1:0.7116561206361934):2.18524736684224;
((G_1:0.81462483972777,J_1:0.8146248397277699):0.7062058560255636,H_1:1.5208306957533335):0.4154075499342189;
G_1:0.9292288309263164;
(I_1:0.3835716488447639,H_1:0.3835716488447639):0.45527909614699913;
H_1:0.7041730082705042;
I_1:0.6306586805893581;
G_1:0.23756280033720675;
G_1:0.030947762544682733;
J_1:0.47705593100526433;
K_1:0.6959153645054549;
K_1:0.21934218114915638;
