(C_1:1.9738313413815478,A_1:1.9738313413815478):0.14221063632885453;
A_1:1.4761578444460368;
A_1:0.5198272438355891;
