(B_1:1.0644520246954512,C_1:1.0644520246954512):1.3225260113795732;
A_1:1.0993438333786816;
A_1:1.0685367022790686;
C_1:0.3461509799447841;
