((B_1:1.630340098406316,A_1:1.630340098406316):0.3514342601328988,C_1:1.981774358539215):0.0;
C_1:0.36935772355890295;
C_1:0.296683857589573;
