(C_1:4.0482155580319095,A_1:4.0482155580319095):0.0;
A_1:0.4777207344259933;
A_1:0.398256482519439;
A_1:0.36338354894629865;
A_1:0.27770980791093214;
A_1:0.12727901337870717;
B_1:0.28914445659039767;
