(C_1:0.9595238348887101,B_1:0.9595238348887101):1.1686222500415921;
A_1:0.8041718759884563;
C_1:0.04711098089466864;
