(B_1:0.6719254674865714,C_1:0.6719254674865714):3.381964567622919;
C_1:1.3178043632347511;
C_1:0.07098166699874109;
