(C_1:1.3082767559790913,B_1:1.3082767559790913):0.21404795372395832;
A_1:1.1444521798128016;
C_1:0.5578238648955687;
