((C_1:1.8272849807374352,A_1:1.8272849807374352):1.4340308818444618,B_1:3.261315862581897):0.0;
C_1:0.35236608942622316;
C_1:0.1715511096339407;
