(C_1:1.6701497927642475,A_1:1.6701497927642475):0.0;
A_1:1.26803805711296;
A_1:0.2956119732717921;
