(A_1:2.554183271842149,B_1:2.554183271842149):0.0;
C_1:0.9905739504379658;
(B_1:0.6103505517258649,C_1:0.6103505517258649):0.144077279438648;
B_1:0.18921752073763637;
B_1:0.09336033169316116;
