((C_1:1.2268334094062827,B_1:1.2268334094062827):0.5394920707297473,A_1:1.76632548013603):0.0;
A_1:1.2785052417210196;
A_1:0.3427429690143038;
