C_1:1.7693370457427546;
A_1:1.0605662026708316;
B_1:1.4895387264184166;
