(A_1:1.7927639327959985,(B_1:1.4850511391490966,C_1:1.4850511391490966):0.30771279364690174):0.0;
A_1:0.7686189555303932;
A_1:0.43705760292566986;
