(C_1:2.4819569212417494,B_1:2.4819569212417494):0.0;
C_1:1.424938014250288;
C_1:0.03920226095487517;
