A_1:2.446505881827612;
A_1:1.0301000729674221;
A_1:0.36933837477255493;
