(A_1:2.207729857582284,(C_1:0.80246686431384,B_1:0.80246686431384):1.405262993268444):0.0;
A_1:0.7704525548906086;
B_1:1.0899959829581491;
C_1:0.049622328084453105;
