A_1:1.683525996570266;
A_1:0.21487008309131395;
