((A_1:1.6604010952590824,C_1:1.6604010952590824):2.0757595531296764,B_1:3.7361606483887586):0.0;
A_1:0.8910853863208569;
A_1:0.23751769513565435;
A_1:0.00897041772325502;
