((C_1:0.8732219682154945,B_1:0.8732219682154945):0.6377280199521881,A_1:1.5109499881676824):0.0;
B_1:1.1330923590194295;
C_1:0.5956059741721498;
