C_1:1.5972431417111785;
B_1:0.5581439419237312;
