C_1:1.459973238846306;
B_1:0.36217341700494304;
