(C_1:1.830973573083769,(A_1:1.5506679448056666,B_1:1.5506679448056666):0.28030562827810246):0.0;
B_1:0.4452461570869584;
B_1:0.16386951067737582;
B_1:0.14877165968871736;
