(A_1:1.9738013458098682,B_1:1.9738013458098682):0.0;
A_1:0.7079427663755403;
C_1:0.2665701310511881;
