(A_1:4.492795084858184,C_1:4.492795084858184):0.0;
A_1:1.1413534474464897;
A_1:0.7625302760960692;
A_1:0.22292156886701786;
B_1:0.2942464950699888;
B_1:0.22204253124810436;
B_1:0.12697046203220763;
