(A_1:2.7917606883878383,C_1:2.7917606883878383):0.0;
A_1:0.12273023484121626;
A_1:0.08741176565889264;
C_1:0.18403372521361167;
