A_1:9.315551227071307;
B_1:0.9180340601143223;
C_1:0.5688705314735076;
