(C_1:4.014555581292796,B_1:4.014555581292796):0.0;
A_1:0.46194213836165776;
A_1:0.04875332109517205;
C_1:0.348182200996101;
C_1:0.004773786372544886;
