A_1:2.3072853997629337;
A_1:0.12384726254405942;
