((B_1:1.943245950631676,A_1:1.943245950631676):1.264690314186221,C_1:3.2079362648178966):0.0;
A_1:0.9702204532690236;
A_1:0.30474039980775247;
