B_1:1.6323275787170184;
A_1:0.557446200380785;
B_1:0.7203782525519231;
C_1:0.5102604468673932;
