(B_1:2.3362191699822805,C_1:2.3362191699822805):1.4359996486436344;
C_1:1.4704021983543618;
B_1:0.4867489976260099;
B_1:0.4813017381217727;
