A_1:4.192319024277612;
B_1:0.4870127601502935;
