(C_1:1.1349166838915523,B_1:1.1349166838915523):1.7462374812288601;
C_1:1.1262228457713421;
C_1:0.14517328040891575;
