A_1:1.6727731317459336;
C_1:1.2218207236067058;
