C_1:2.3649057334373205;
A_1:0.9891868577786597;
