B_1:1.5865916519448298;
A_1:1.2630995272456649;
A_1:0.9748233467441705;
