A_1:1.5437152877933722;
A_1:0.38336908693773375;
