(A_1:2.0815387060980277,(C_1:1.7179200196233138,B_1:1.7179200196233138):0.3636186864747141):0.0;
A_1:0.8325798046678744;
C_1:0.6316033660588444;
