A_1:1.9322699319182957;
A_1:1.0481197584740896;
