(A_1:3.976811315946446,C_1:3.976811315946446):0.0;
C_1:1.2388910886104445;
B_1:0.5544375832736158;
