(A_1:3.74846222561449,C_1:3.74846222561449):0.0;
A_1:0.6845451975547099;
A_1:0.3765258944543446;
