(C_1:1.4231082934484172,B_1:1.4231082934484172):1.5752939473064336;
C_1:1.0276059207487436;
B_1:0.15022255456695838;
C_1:0.37729774873985955;
C_1:0.05951775833175055;
