A_1:2.837767506301704;
B_1:1.4398516730510067;
C_1:1.2040994727853396;
