(B_1:1.8874416327090957,(A_1:1.8554189567284298,C_1:1.8554189567284298):0.032022675980665834):0.0;
A_1:1.2277335213359064;
A_1:0.23864108455141597;
