A_1:1.6398141970248334;
A_1:1.2234642434369367;
