((A_1:1.612557536748143,C_1:1.612557536748143):0.2967077447374628,B_1:1.909265281485606):0.0;
(C_1:1.0580063839986513,B_1:1.0580063839986513):0.4335455972559279;
B_1:1.1857159841335356;
C_1:0.7368742505624989;
B_1:0.2959769067685636;
