C_1:2.539122734842686;
A_1:1.3944862309002837;
