(B_1:0.8682028353627509,C_1:0.8682028353627509):1.2743271708701416;
B_1:1.1055116754636742;
C_1:0.030336577130685716;
