(C_1:2.2248448100930784,(A_1:1.9079575153266934,B_1:1.9079575153266934):0.3168872947663849):0.0;
A_1:0.7501795519362505;
A_1:0.49404278426859394;
A_1:0.2883281144048886;
A_1:0.2880991636237864;
C_1:1.0304363556449996;
