((A_1:1.7570320837209494,C_1:1.7570320837209494):1.3241379599800305,B_1:3.08117004370098):0.0;
A_1:0.827062905718623;
B_1:1.3860596235115483;
B_1:0.4814115287798603;
B_1:0.3951848663713193;
