A_1:2.152543742599776;
A_1:0.8650111946689722;
