(C_1:2.724070391054709,B_1:2.724070391054709):0.0;
C_1:0.6543625563516645;
C_1:0.45753491461737483;
C_1:0.30636980833124217;
