B_1:1.8911523365421914;
A_1:0.9777074138363486;
