((B_1:1.3877966604582135,C_1:1.3877966604582135):2.4927664477684353,A_1:3.880563108226649):0.0;
A_1:1.252154609556913;
A_1:1.027078996138565;
A_1:0.5242443584254127;
B_1:0.8390399118289181;
B_1:0.8159150198447986;
