A_1:4.167496955465473;
C_1:1.0946318066233807;
