(A_1:1.864041119157041,B_1:1.864041119157041):0.0;
A_1:0.17524285527307426;
B_1:0.35514739563756575;
