(B_1:0.9295776419452202,C_1:0.9295776419452202):0.8334917670188848;
B_1:1.4777222992849408;
B_1:0.1829917449459279;
