(C_1:2.134649758500114,A_1:2.134649758500114):0.0;
A_1:0.7341030572313494;
A_1:0.40734925455097937;
