(B_1:3.282834853969346,(C_1:1.6120008190099495,A_1:1.6120008190099495):1.6708340349593964):0.0;
A_1:1.0745783997255836;
A_1:0.6771983206648312;
A_1:0.39036961022737304;
C_1:0.5221262507161607;
C_1:0.12966460686872072;
