A_1:1.3020397491450981;
A_1:0.15045112121609683;
