B_1:1.7846108944019008;
B_1:1.0822493938239393;
B_1:0.3360691076262765;
