((B_1:1.008598374396208,C_1:1.008598374396208):2.4168405965157707,A_1:3.425438970911979):0.0;
A_1:0.8402573937202164;
A_1:0.6958563165774755;
A_1:0.044575370773757506;
