C_1:4.621302889667626;
B_1:0.1669404700253283;
