(A_1:2.283827989126804,C_1:2.283827989126804):0.0;
C_1:1.3843210374420645;
B_1:1.1667816830150561;
C_1:1.014853661932063;
B_1:0.32098527360038676;
B_1:0.025182941893071575;
