((C_1:3.391265127200878,A_1:3.391265127200878):0.5410807750082263,B_1:3.9323459022091045):0.0;
A_1:0.3816483059605573;
A_1:0.26556761399476336;
B_1:1.1124565278660983;
