(C_1:1.6853360152000296,B_1:1.6853360152000296):2.846543214230157;
B_1:1.43074599626664;
B_1:0.8968886871984592;
