A_1:3.743997495840954;
B_1:0.9416315948328262;
