A_1:4.643072413091444;
A_1:0.797083076434643;
