(C_1:4.236144790848325,B_1:4.236144790848325):0.0;
C_1:0.8251254574467838;
C_1:0.25462284944302804;
