((B_1:0.7389195042804072,C_1:0.7389195042804072):1.330794123108519,A_1:2.0697136273889263):0.0;
A_1:0.340066716530135;
C_1:0.02839501644734188;
