(A_1:1.9299043661349444,(C_1:1.7026980307822894,B_1:1.7026980307822894):0.227206335352655):0.0;
A_1:1.49520458474901;
A_1:1.2081463859022592;
B_1:0.05552597012389793;
