(C_1:1.962731192370766,A_1:1.962731192370766):0.6483419033418975;
B_1:1.2140279179291618;
B_1:0.9408444984860038;
