(C_1:2.433457028262135,(B_1:2.382510004945708,A_1:2.382510004945708):0.05094702331642673):0.0;
B_1:0.2215313805333317;
C_1:0.4785578534119471;
