(B_1:2.173907672891059,A_1:2.173907672891059):0.0;
A_1:0.676522792130871;
B_1:0.49940108473411604;
