A_1:1.6411382358498532;
A_1:0.08154237158514288;
