(A_1:2.945900249355394,C_1:2.945900249355394):0.0;
A_1:0.81338303564831;
A_1:0.7898620320081629;
