A_1:1.5924889897466985;
A_1:0.8873160675808187;
