((C_1:0.8374808384614506,B_1:0.8374808384614506):1.0658796710321363,A_1:1.903360509493587):0.0;
A_1:1.3231102215688895;
A_1:0.34315918181944904;
A_1:0.20189918478254842;
C_1:0.5835313514677186;
B_1:0.4396049875280573;
C_1:0.46067641121747016;
