(C_1:3.5747475811332907,A_1:3.5747475811332907):0.0;
A_1:0.7064112129804561;
B_1:0.6567793037227968;
