(B_1:1.087041687977345,C_1:1.087041687977345):1.807168145956454;
C_1:0.4234561692488117;
C_1:0.06864001733538716;
