A_1:2.2457533571238497;
C_1:1.3237712846745902;
C_1:0.46917550035744504;
