((C_1:0.6392613239575106,B_1:0.6392613239575106):1.40164063333582,A_1:2.0409019572933307):0.0;
A_1:0.8609109129952004;
A_1:0.625708964793308;
