A_1:2.2328687710177784;
A_1:0.14733553317035009;
A_1:0.1096859428966106;
B_1:0.9342999406338723;
B_1:0.7575426099682063;
B_1:0.18533624908808682;
