(C_1:2.837666854662472,A_1:2.837666854662472):0.0;
A_1:0.49069140921960375;
B_1:0.03705186589054099;
