((B_1:0.5814167808111276,C_1:0.5814167808111276):3.959303007609832,A_1:4.54071978842096):0.0;
A_1:1.367200187521453;
A_1:1.0100240128864049;
A_1:0.20501259702370467;
B_1:1.2990537339528117;
B_1:0.3461580660070151;
