E_1:6.958046830057507;
E_1:0.7535040564795837;
E_1:0.530712291665621;
