(E_1:2.4293967576795383,((C_1:0.5743411953926456,B_1:0.5743411953926456):0.556454529428114,A_1:1.1307957248207596):1.2986010328587785):3.2159098208336205;
B_1:0.17885287416452508;
B_1:0.002939199254923114;
