(F_1:2.8210404551274033,(E_1:2.6071566137387983,((A_1:0.49239177853218097,B_1:0.49239177853218097):1.0114887165509652,(D_1:1.4101726605131337,C_1:1.4101726605131337):0.09370783457001233):1.1032761186556523):0.21388384138860497):3.3298913388541145;
(E_1:1.9692786307856944,F_1:1.9692786307856944):2.653966896166779;
C_1:0.09150078450907648;
E_1:1.5293471529644878;
F_1:0.9493839360548731;
