((F_1:1.605379148039155,E_1:1.605379148039155):1.6066221026449392,((A_1:0.49708260084378175,(C_1:0.3767070439946066,B_1:0.3767070439946066):0.12037555684917522):0.4755692290307515,D_1:0.9726518298745334):2.2393494208095612):3.1692534521281597;
E_1:0.5224693593213664;
E_1:0.28291554793295537;
