(((A_1:0.4340418741722008,(B_1:0.31379037117068975,C_1:0.31379037117068975):0.1202515030015111):1.994630204645132,F_1:2.428672078817333):0.17630356061299624,E_1:2.604975639430329):2.8143214909939656;
(F_1:2.8027550837696005,B_1:2.802755083769601):2.009529724819485;
(D_1:2.1830090825288213,A_1:2.1830090825288213):0.06386200294332589;
D_1:0.8451281616085369;
D_1:0.6521047108551306;
F_1:0.7314307404762124;
F_1:0.5380546990491222;
F_1:0.3886065232639928;
