F_1:6.319580870960985;
((B_1:1.131144807629519,(C_1:1.002834654047521,A_1:1.002834654047521):0.12831015358199796):1.4319110687849679,F_1:2.563055876414487):0.7192070012399743;
E_1:1.3572124602092237;
F_1:0.714521765899691;
F_1:0.0040046756147984475;
