((E_1:2.5300382924860845,A_1:2.5300382924860845):4.879503485985003,(K_1:1.0353890175308178,L_1:1.0353890175308178):6.37415276094027):0.0;
A_1:0.6338768099863785;
A_1:0.1424989125989733;
(I_1:1.649276886923294,G_1:1.649276886923294):3.2485287291212708;
J_1:1.2993642433111723;
J_1:0.1843894742715685;
L_1:0.7935891563902061;
