((E_1:1.3807653807501838,F_1:1.3807653807501838):1.090538565452177,((C_1:0.8047241300315255,B_1:0.8047241300315255):0.8537343463996385,D_1:1.658458476431164):0.8128454697711968):4.099382731532314;
(D_1:3.041396388142517,(F_1:1.6000829435925075,E_1:1.6000829435925075):1.4413134445500098):1.6524538746425206;
((D_1:2.4027733935284936,(B_1:1.6750084282246338,A_1:1.6750084282246338):0.7277649653038603):0.0516908504685554,E_1:2.4544642439970494):1.7172782721147435;
((C_1:0.9850621385432226,A_1:0.9850621385432226):0.0501662801125449,D_1:1.0352284186557674):1.1742310960150317;
A_1:1.378632702459345;
C_1:0.09140197419715763;
E_1:1.5450699211979004;
E_1:1.1184157470240927;
E_1:0.3337809700756369;
E_1:0.3195212611127958;
