((E_1:4.185392293252874,((C_1:0.3719859127737369,B_1:0.3719859127737369):2.1702561514693928,(D_1:1.828945704969501,A_1:1.828945704969501):0.7132963592736286):1.6431502290097442):1.2015357686129837,(((I_1:0.3524675150027118,G_1:0.35246751500271173):0.043337573879520856,H_1:0.39580508888223265):2.046419468253182,(K_1:1.3103632764437796,L_1:1.3103632764437796):1.131861280691635):2.944703504730443):0.0;
(((D_1:2.5477643153296357,C_1:2.5477643153296357):0.10378575993679583,F_1:2.6515500752664316):0.4014471968546155,E_1:3.052997272121047):0.2488104031030378;
B_1:0.593005295501132;
D_1:0.313674206504937;
F_1:2.1527937262714802;
K_1:0.2332819716502169;
