K_1:6.761945809092886;
K_1:1.0176325648536575;
