E_1:5.562001080777514;
(E_1:2.0938334268629726,F_1:2.0938334268629726):0.8224122244965113;
E_1:2.032341414103291;
F_1:1.3181898535535521;
E_1:0.2350307360231112;
