(((A_1:0.4539935105972903,C_1:0.45399351059729043):0.8330335810195019,(D_1:0.9860537444256894,B_1:0.9860537444256894):0.3009733471911029):2.3844216105820726,E_1:3.6714487021988647):2.74051817161303;
((D_1:0.8015522193615802,B_1:0.8015522193615802):0.4648384073256261,C_1:1.2663906266872063):0.08569584079429249;
D_1:0.8469201531602735;
D_1:0.31912683734763253;
E_1:0.22706870834912563;
E_1:0.10775951014143392;
