((C_1:2.2730468925107736,((B_1:0.8191446264994023,D_1:0.8191446264994023):0.5687475398332594,A_1:1.3878921663326618):0.8851547261781118):3.295172993394566,(L_1:3.7354287018290604,((G_1:0.3012018078223933,H_1:0.30120180782239336):2.6038177386375603,I_1:2.9050195464599535):0.8304091553691066):1.8327911840762794):0.0;
(D_1:1.0483266736616752,(B_1:0.7893823839310226,(A_1:0.5090371929426059,C_1:0.5090371929426059):0.28034519098841676):0.2589442897306525):2.8584757260469678;
((E_1:2.471619055677316,(C_1:0.3022897571530639,B_1:0.3022897571530639):2.1693292985242527):0.2799490109739582,F_1:2.7515680666512745):1.0103967686775768;
((B_1:2.094217392577028,D_1:2.094217392577028):0.3701380102483514,(F_1:1.2111531234632031,E_1:1.2111531234632031):1.2532022793621764):0.49955292471695323;
(D_1:1.4649263339663097,((A_1:0.41660855431867966,C_1:0.4166085543186797):0.7454820808589886,B_1:1.1620906351776683):0.3028356987886414):1.3378854466831818;
A_1:0.9999270092499859;
D_1:0.11927505015788897;
F_1:1.5380268540608508;
E_1:1.4246839705567322;
E_1:0.3502313594145352;
F_1:0.8520472161147417;
F_1:0.567303900776399;
F_1:0.3332530141535246;
F_1:0.26033449416023924;
L_1:1.3015254294127092;
