(A_1:2.0371136518031494,D_1:2.0371136518031494):3.443943095924844;
(D_1:2.2309809560466682,(C_1:0.9190565282648647,(A_1:0.7428956295760305,B_1:0.7428956295760305):0.1761608986888341):1.3119244277818036):2.561991196539026;
(E_1:2.877148590326292,(F_1:2.8717967725996836,(D_1:1.9666690499744817,((A_1:0.31143219854321735,C_1:0.3114321985432174):0.25464289616101343,B_1:0.5660750947042308):1.4005939552702509):0.9051277226252021):0.005351817726608283):1.5142803356026713;
(((B_1:0.3371675626945957,A_1:0.33716756269459563):0.9055976872533815,D_1:1.2427652499479773):1.6699509564223995,(E_1:2.2861170077146475,F_1:2.2861170077146475):0.6265991986557294):1.4100710073233844;
F_1:3.2122975216104965;
((B_1:0.6939977866377134,(C_1:0.3162723275037631,A_1:0.31627232750376305):0.37772545913395034):0.1394209635767385,D_1:0.8334187502144519):2.3681906996503344;
E_1:3.00407084638469;
(E_1:1.2063761723385678,F_1:1.2063761723385678):1.7632725972727792;
(D_1:1.1455949984431326,(C_1:0.6783667679303186,(A_1:0.44559011603119447,B_1:0.4455901160311946):0.232776651899124):0.4672282305128139):0.01243100190088664;
C_1:0.341561863563712;
D_1:0.6626447345779596;
D_1:0.48993117514161144;
D_1:0.21395801456814723;
E_1:1.827281762481904;
F_1:1.2496882604068806;
F_1:1.186763743369841;
E_1:0.829122657403307;
E_1:0.5191488637160387;
E_1:0.0663334779135728;
F_1:0.6196338613067278;
F_1:0.4443879778749522;
F_1:0.39733901865342314;
