((F_1:3.362722954857076,((C_1:1.1709230851986485,D_1:1.1709230851986485):0.6902878241047778,(A_1:0.5913692203814508,B_1:0.5913692203814509):1.2698416889219755):1.5015120455536493):4.393332157061902,(K_1:1.8868133084716259,L_1:1.8868133084716259):5.869241803447352):0.0;
D_1:0.5377692026060761;
L_1:0.5819136875920425;
