((G_1:1.0880963758525541,H_1:1.0880963758525541):4.834233907080606,((B_1:0.5060682851193921,A_1:0.5060682851193921):1.534936431087286,(D_1:1.5958206600232356,C_1:1.5958206600232356):0.4451840561834424):3.881325566726482):0.0;
C_1:0.9747323403078396;
L_1:3.9757672489610165;
L_1:0.5192532979116599;
