F_1:4.6609242770116985;
E_1:0.616371108059693;
E_1:0.12350499672561932;
