(J_1:1.0145432024819852,(H_1:1.001059825430255,G_1:1.001059825430255):0.013483377051730102):4.878651557018181;
D_1:2.7207896121175934;
B_1:0.5377285773167864;
