F_1:5.6722215286221065;
D_1:2.6220992395867864;
(((B_1:0.3256756719267302,A_1:0.32567567192673014):0.14258335583625406,C_1:0.4682590277629842):0.5261075744802252,D_1:0.9943666022432094):0.969905365118402;
C_1:0.18137848805100187;
C_1:0.08271696815381918;
(E_1:1.0420035301823793,F_1:1.0420035301823793):1.2490605501102017;
F_1:0.7352727444605797;
