(E_1:2.1043509790238355,F_1:2.1043509790238355):3.532262484498368;
F_1:0.9573445804662714;
F_1:0.5606357502477943;
