((K_1:2.6206485909222725,((J_1:0.8590284208262265,(I_1:0.22411016593124677,H_1:0.22411016593124677):0.6349182548949798):0.7676212642186222,G_1:1.6266496850448489):0.9939989058774236):2.8677914488707046,((D_1:2.100915543636212,((B_1:0.4027707700677591,C_1:0.4027707700677591):1.1260372175933502,A_1:1.5288079876611094):0.572107555975103):0.3524402858909286,(F_1:1.3451994299056667,E_1:1.3451994299056667):1.108156399621474):3.035084210265836):0.0;
(D_1:2.444252464184508,E_1:2.444252464184508):0.44058331909016557;
E_1:0.19237976012298919;
E_1:0.15379312401696932;
E_1:0.06738730009381855;
I_1:0.674478499804099;
