(((H_1:2.047635941228495,G_1:2.047635941228495):0.6105083087721003,K_1:2.658144250000595):2.676482923334392,((F_1:1.207901073211663,E_1:1.207901073211663):1.1400747262712179,(B_1:0.6695387913832982,C_1:0.6695387913832982):1.678437008099583):2.986651373852105):0.0;
(((G_1:0.3338884751441294,I_1:0.33388847514412945):0.05021658894617396,H_1:0.3841050640903034):1.8755328344419415,J_1:2.2596378985322447):1.0086748237243968;
H_1:1.0152583773164487;
I_1:0.6586241952641326;
H_1:0.4791023630336994;
K_1:2.15667345271822;
(K_1:1.0083604863308238,L_1:1.0083604863308238):0.4263511133577902;
K_1:0.08303818572242283;
L_1:0.5819146480902627;
