((H_1:0.38517765250460667,I_1:0.38517765250460667):1.7768257126938571,G_1:2.162003365198464):3.803295501220975;
G_1:1.710407092621966;
J_1:1.0962632991302288;
(I_1:0.907918113117436,H_1:0.907918113117436):0.05606148277189338;
G_1:0.29221493399958;
H_1:0.11808395760717719;
J_1:0.4978077726233534;
