((E_1:2.9070535494490577,(A_1:2.57444794540673,F_1:2.57444794540673):0.33260560404232764):3.225281461890868,((L_1:1.792773040196665,K_1:1.792773040196665):1.4055391688305239,((I_1:0.6084095966978893,H_1:0.6084095966978893):0.9500555608186344,G_1:1.5584651575165238):1.6398470515106656):2.934022802312737):0.0;
E_1:1.2689177709854664;
E_1:0.6107485727737557;
L_1:2.523091848103385;
G_1:1.5558075635188806;
(H_1:0.61163034044482,(I_1:0.39041652131526444,G_1:0.3904165213152644):0.22121381912955554):0.5822206288055272;
