(J_1:5.452394553073779,((C_1:0.3109765005489664,B_1:0.3109765005489664):0.5667872112495953,A_1:0.8777637117985616):4.5746308412752175):0.0;
(B_1:0.9351441457923115,C_1:0.9351441457923115):2.557375115744481;
((A_1:0.5361679819160692,B_1:0.5361679819160693):1.837700588473159,E_1:2.373868570389228):1.1170035916522774;
D_1:1.163599453225417;
C_1:0.46833305025310384;
B_1:0.1665584907009144;
F_1:1.4215297083611649;
J_1:0.42106938404790023;
