(J_1:1.5387786846984162,(G_1:0.38563866659095064,H_1:0.3856386665909507):1.1531400181074656):4.2911824667920815;
E_1:3.541550472141743;
E_1:0.8125224227536609;
J_1:0.27034784954193203;
L_1:0.47809710610993383;
