((E_1:5.683741633291609,(H_1:0.9160872716900436,(I_1:0.8792979933437451,G_1:0.8792979933437451):0.036789278346298464):4.767654361601565):0.05080288316882925,((C_1:0.8348986846331853,D_1:0.8348986846331853):0.8010252035864266,B_1:1.6359238882196119):4.098620628240827):0.0;
C_1:0.6129859731199165;
E_1:0.2366537730705487;
(L_1:3.7233281061054266,(I_1:2.514081359178072,(G_1:2.223490628830916,H_1:2.223490628830916):0.29059073034715643):1.2092467469273542):1.1631252166616979;
(G_1:0.6740652367993345,H_1:0.6740652367993345):2.7076799135954586;
I_1:1.1365572223126414;
((G_1:0.38071642255646726,I_1:0.3807164225564673):0.13358915396432733,H_1:0.5143055765207947):0.20696251178627645;
G_1:0.1566298483265257;
H_1:0.2969959660667659;
J_1:0.6311984715092147;
(L_1:1.6898140679547105,K_1:1.6898140679547105):0.5143122733181293;
K_1:0.8989279949981202;
K_1:0.8417384116918208;
K_1:0.45215372231694495;
L_1:0.6342141010931768;
