(((D_1:2.1369380577814265,((C_1:0.356482169423614,A_1:0.35648216942361394):0.03223858654555055,B_1:0.38872075596916456):1.7482173018122622):0.907451741482065,(E_1:1.1513327952933707,F_1:1.1513327952933707):1.8930570039701209):2.2723349632465495,((J_1:0.9098188886156671,(H_1:0.6404382237049759,G_1:0.6404382237049759):0.26938066491069107):1.9698547956213366,I_1:2.879673684237003):2.437051078273038):0.0;
(C_1:2.8305467235762833,A_1:2.8305467235762833):1.2180324114074619;
(((C_1:0.46344948480841763,B_1:0.46344948480841763):0.40697784934449854,A_1:0.8704273341529161):0.2895049126463638,D_1:1.15993224679928):1.8466922202306737;
A_1:0.09489903442189879;
D_1:0.20098025301362832;
F_1:0.657838034914747;
F_1:0.3867446404193787;
(L_1:3.203477217700224,((J_1:0.843595254407256,I_1:0.843595254407256):0.1552151172773126,(G_1:0.31796553958743323,H_1:0.3179655395874333):0.6808448320971353):2.2046668460156553):1.802244776698854;
(K_1:1.3905305891176651,L_1:1.3905305891176651):2.2929743785832715;
K_1:3.4167357462040178;
K_1:2.8379853777956785;
(J_1:1.4492548320459488,((G_1:0.44276281357401975,I_1:0.4427628135740198):0.5437579088156324,H_1:0.9865207223896522):0.4627341096562968):1.2542059986334895;
J_1:0.8859112669171811;
J_1:0.8377941437994911;
J_1:0.7254565707706935;
K_1:0.5558492541036364;
K_1:0.1723916581917324;
