(C_1:6.836677726945069,((L_1:2.1865526353637756,K_1:2.1865526353637756):0.7040319712015287,J_1:2.890584606565304):3.946093120379765):0.0;
(B_1:1.8388051355240291,(D_1:0.8267793253755306,(C_1:0.4749642167675221,A_1:0.4749642167675221):0.35181510860800846):1.0120258101484985):3.3529456691163624;
(((C_1:0.7008952404951663,B_1:0.7008952404951663):1.1950557852794095,A_1:1.895951025774576):0.723832850538026,(E_1:1.728274298903898,F_1:1.728274298903898):0.8915095774087041):1.7449013690207549;
D_1:1.2940713372502124;
C_1:0.31952243797973073;
D_1:0.3836814247158109;
J_1:2.352793346604328;
((G_1:1.1595043358858692,I_1:1.1595043358858692):0.01277687729937352,H_1:1.1722812131852427):0.5772636573724985;
I_1:0.1887143401703955;
K_1:2.2363304438046745;
K_1:0.5404908475378432;
L_1:0.9339503090561287;
L_1:0.6624924248393805;
