(B_1:4.47374090270055,D_1:4.473740902700549):1.0167150255549149;
K_1:3.3980133748729973;
I_1:2.089715881449713;
K_1:1.6782943167505813;
K_1:0.5093305213620889;
