(((I_1:0.5656080231349793,H_1:0.5656080231349793):1.873554047963805,(J_1:0.8698940697794248,G_1:0.8698940697794247):1.5692680013193594):2.40575390522942,L_1:4.844915976328204):1.6863747641742932;
((J_1:2.048276954973997,G_1:2.048276954973997):0.3098035688349086,L_1:2.3580805238089058):1.114770686184086;
I_1:1.7602979983762788;
(I_1:0.36036896590946277,G_1:0.36036896590946277):1.2128038525424285;
I_1:0.28112524611973067;
L_1:2.1384629263016643;
K_1:2.0808962780768203;
L_1:1.9442479074290184;
K_1:0.026441441755295947;
L_1:0.4472670482026936;
L_1:0.017546342563429684;
