(J_1:5.870380512184791,((E_1:2.4309745662403017,((A_1:0.9578297434246978,B_1:0.9578297434246978):0.24290360664486835,D_1:1.2007333500695663):1.2302412161707355):1.59895168449659,F_1:4.029926250736892):1.8404542614478996):0.0;
E_1:0.19168131076119188;
F_1:0.5186395872232885;
((G_1:0.43406649616132775,I_1:0.43406649616132786):0.0511346868657487,H_1:0.48520118302707654):2.692180061345301;
I_1:3.0102173518691195;
J_1:2.0702676047772473;
(G_1:0.30438793432285777,H_1:0.3043879343228578):1.510346317414446;
J_1:1.7583826697214298;
H_1:0.8794085853387645;
I_1:0.5395291160919247;
G_1:0.2491968191655871;
J_1:0.6152567960651599;
J_1:0.18748525139830163;
