((E_1:1.3202449468239648,F_1:1.3202449468239648):1.2410704400868706,(D_1:1.7897855611929545,(B_1:0.3784767163249272,C_1:0.3784767163249272):1.411308844868027):0.7715298257178809):5.7953862112943195;
C_1:0.5015188814206573;
A_1:0.4553938036406834;
E_1:2.016521963480881;
E_1:0.8097718256317682;
E_1:0.6940845287276919;
E_1:0.6614092106284083;
F_1:0.5426107662161088;
