((((I_1:0.6963012241769038,G_1:0.6963012241769038):0.0801906164576822,H_1:0.776491840634586):1.543560727543023,K_1:2.320052568177609):3.414496012551534,(B_1:1.7039609597120762,(D_1:1.464927942874548,(A_1:0.5195104061873934,C_1:0.5195104061873935):0.9454175366871546):0.23903301683752814):4.030587621017067):0.0;
((F_1:1.8288102626189355,E_1:1.8288102626189355):0.5680279015797933,D_1:2.3968381641987286):2.434231038973744;
F_1:3.3901950416466393;
A_1:0.16955125424372622;
D_1:0.707609065848788;
F_1:0.5875403851888987;
