(I_1:5.580165290846049,((E_1:2.398448302221047,(D_1:1.8780448194597006,B_1:1.8780448194597006):0.5204034827613464):3.144172575843556,F_1:5.542620878064604):0.037544412781445206):0.0;
((C_1:2.5914630355461976,(D_1:1.0666341301243811,(B_1:0.40096751832217314,A_1:0.4009675183221731):0.6656666118022081):1.5248289054218165):0.6483938402136805,(F_1:1.818091371615545,E_1:1.818091371615545):1.4217655041443333):0.4424898368283876;
(C_1:0.8721987047006005,B_1:0.8721987047006005):0.4017766586423962;
D_1:1.2170630785661558;
B_1:1.0245717020614928;
B_1:0.6087489184165946;
C_1:0.18449459588163408;
D_1:0.034546288403414005;
E_1:0.06346359985723993;
F_1:0.0381080317101582;
(J_1:0.9979952814689307,(I_1:0.469173650011374,G_1:0.469173650011374):0.5288216314575567):0.14399257407074584;
