(K_1:5.516948638569014,(((J_1:0.8643434068675859,I_1:0.8643434068675859):0.08168975584646651,H_1:0.9460331627140525):1.6157023060942577,G_1:2.56173546880831):2.955213169760704):1.403952013096123;
J_1:0.5266256874858859;
J_1:0.12036332535128347;
K_1:1.7650237062885372;
K_1:0.5853854352620829;
K_1:0.37716154856040096;
K_1:0.028840183122878504;
