((I_1:1.8078669272135226,(G_1:1.2205389129729756,J_1:1.2205389129729756):0.5873280142405469):1.138214244434554,L_1:2.9460811716480766):3.6204401632173155;
L_1:0.46466397891009104;
L_1:0.10994932336798224;
