(L_1:2.371381135417942,(G_1:1.265868063163715,(J_1:0.8449048802640615,(H_1:0.6838841086725995,I_1:0.6838841086725995):0.16102077159146191):0.42096318289965345):1.1055130722542272):0.8433153300842293;
K_1:2.483313621205204;
J_1:0.35187136467654967;
L_1:0.5702509783413423;
L_1:0.5581498121743769;
