(((I_1:2.397854922064093,(J_1:1.564274676133352,(G_1:0.7053352374697819,H_1:0.7053352374697819):0.85893943866357):0.833580245930741):0.7939269316811893,L_1:3.1917818537452822):2.540634050658597,(C_1:3.219794021706143,F_1:3.219794021706143):2.5126218826977365):0.0;
((E_1:1.3569653705185363,F_1:1.3569653705185363):1.68000329552968,(A_1:0.7254915920650149,(B_1:0.39323650740421884,C_1:0.39323650740421884):0.3322550846607962):2.3114770739832013):0.06156827923463881;
D_1:2.8616870924443814;
((D_1:1.4173776262013469,(C_1:0.8380027967470338,A_1:0.8380027967470338):0.5793748294543132):0.27966774581352566,B_1:1.6970453720148726):0.44368501539399197;
D_1:0.07620449304103238;
D_1:0.023820260782929426;
(F_1:1.335962990642008,E_1:1.335962990642008):0.5499042022584164;
F_1:0.46051160941661007;
K_1:2.4583582448327;
K_1:0.416163133383035;
