(((K_1:2.3461800689216563,J_1:2.3461800689216563):1.1381943321439292,((I_1:0.4313911013097867,G_1:0.43139110130978664):0.37895107886042745,H_1:0.8103421801702142):2.6740322208953713):2.8195684439703346,((D_1:0.9675738150549392,B_1:0.9675738150549392):2.038378789943039,F_1:3.0059526049979777):3.297990240037943):0.0;
E_1:0.7828409374284583;
F_1:0.8413958227397944;
J_1:0.684952625472961;
K_1:1.5936149787858924;
(K_1:1.3957922433194845,L_1:1.3957922433194845):0.044106008360558446;
K_1:0.47573377976943454;
