((L_1:1.8659228645101273,K_1:1.8659228645101273):4.017007655031181,((I_1:2.63852741868235,G_1:2.63852741868235):2.6942515680827093,(E_1:2.440080102451631,A_1:2.440080102451631):2.892698884313428):0.5501515327762492):0.0;
K_1:3.5596582651820405;
L_1:1.0579181409068728;
K_1:0.3606335711787224;
