((K_1:1.1726502676155575,L_1:1.1726502676155575):4.411552492756675,(((I_1:0.7687019232612147,H_1:0.7687019232612147):0.7672863282483774,G_1:1.535988251509592):0.7052397793985187,J_1:2.2412280309081107):3.3429747294641223):0.0;
I_1:0.24783352019517677;
K_1:0.6064294442713642;
