(((B_1:0.25479861287065875,C_1:0.25479861287065875):0.5521493311602479,D_1:0.8069479440309066):3.9122181021780094,(A_1:2.439630659960415,F_1:2.4396306599604154):2.2795353862485013):0.22343943163848135;
D_1:2.320504208417918;
A_1:0.034939818421322655;
D_1:0.31454703413537666;
D_1:0.2705285295238151;
