K_1:5.207332900107975;
(J_1:3.0608008048093205,((G_1:0.5370492461462508,H_1:0.5370492461462509):0.23899047770042264,I_1:0.7760397238466736):2.284761080962647):0.883339953777249;
((J_1:1.7392895907143993,H_1:1.7392895907143993):0.35529445119575875,(I_1:1.1209421224180773,G_1:1.1209421224180773):0.9736419194920807):0.14633764957260453;
L_1:1.0732582385690599;
K_1:0.36484717978508296;
L_1:0.7644830944804795;
