(((L_1:1.7263458986503208,K_1:1.7263458986503208):1.4300444782131558,I_1:3.1563903768634765):2.330194971340143,((A_1:0.4160466668923288,B_1:0.41604666689232883):1.0871547532041281,D_1:1.5032014200964572):3.9833839281071626):0.36596099885383343;
A_1:0.07508826560631374;
(K_1:3.737896127410314,((I_1:1.046136348035052,J_1:1.046136348035052):0.07000155130290502,H_1:1.1161378993379572):2.6217582280723564):0.10388909815028669;
((J_1:1.7082314867069854,((G_1:0.7130624610685334,I_1:0.7130624610685334):0.06356249891686427,H_1:0.7766249599853977):0.9316065267215878):1.0883083504316537,L_1:2.7965398371386394):1.017432509113008;
G_1:0.37039516545855433;
K_1:1.747170005119081;
K_1:1.4017447984220466;
L_1:1.1811440979122303;
K_1:0.3669731848182327;
K_1:0.152130265108803;
L_1:0.649483241846353;
