A_1:6.931639512757107;
(K_1:1.2224033549179452,L_1:1.2224033549179452):0.9086279349286035;
K_1:1.522743990896364;
L_1:1.3028921870368775;
K_1:1.0290567884307147;
