(((J_1:1.2861745925321837,G_1:1.2861745925321837):1.4805090507353733,(L_1:1.3280890449716116,K_1:1.3280890449716116):1.4385945982959454):3.5548171802824102,((E_1:2.3111451397491405,(D_1:1.585508295572625,(A_1:1.1838881566192974,C_1:1.1838881566192974):0.4016201389533275):0.7256368441765156):1.9526253795699706,F_1:4.263770519319111):2.0577303042308555):0.0;
(A_1:0.49587836143327324,B_1:0.49587836143327324):0.12270590604582432;
D_1:0.31201923321411046;
F_1:1.627842564022798;
F_1:0.2501091065536952;
(((H_1:0.5756640106461184,I_1:0.5756640106461184):0.2999980097313525,G_1:0.8756620203774709):0.5940242261482143,J_1:1.469686246525685):0.6984933003987468;
J_1:1.123092453566721;
G_1:0.25571004811781123;
