(((K_1:2.4855672090087073,(I_1:0.9637565954160698,(J_1:0.8773670460052233,H_1:0.8773670460052233):0.0863895494108465):1.5218106135926377):0.29964584394536337,L_1:2.7852130529540706):2.8525060684623207,(F_1:5.096074872588232,(A_1:3.1394443826044167,(D_1:1.353873162382929,B_1:1.353873162382929):1.7855712202214882):1.9566304899838152):0.5416442488281595):0.0;
(B_1:0.4828085502636118,C_1:0.4828085502636118):0.16486584426855344;
E_1:1.8019978958681946;
F_1:0.16439304278658895;
(J_1:0.9770727462133463,(I_1:0.4207041154541654,H_1:0.4207041154541654):0.5563686307591809):3.056401436464678;
((G_1:0.31808321766434533,I_1:0.3180832176643454):0.11522087423475129,H_1:0.4333040918990967):2.8100004127919096;
L_1:2.8682241935539468;
K_1:2.5974559875414966;
(((I_1:0.2931579991174582,H_1:0.2931579991174582):0.007616016503924683,G_1:0.3007740156213829):1.4278318107571917,J_1:1.7286058263785746):0.8221337583496269;
K_1:2.4543086009820074;
((G_1:1.012484867275984,I_1:1.012484867275984):0.09783432797736233,(H_1:0.9986942794188045,J_1:0.9986942794188045):0.11162491583454189):0.7427969443140148;
(((H_1:0.551680778061602,I_1:0.551680778061602):0.015219306295424758,G_1:0.5669000843570267):0.8509785689906183,J_1:1.4178786533476448):0.21815825590969617;
J_1:1.6330955391279707;
((G_1:0.9124071177009134,I_1:0.9124071177009134):0.21753826261652537,J_1:1.1299453803174389):0.39499767584250045;
(I_1:0.22421028308257057,H_1:0.22421028308257057):0.7149779330835362;
J_1:0.8962598558197394;
I_1:0.40773365649111243;
G_1:0.039497576174119975;
J_1:0.6619405391743428;
L_1:2.2991106795229976;
L_1:2.189075049447725;
K_1:2.027555921726527;
L_1:0.6379012535098973;
L_1:0.5813742712428955;
