(((J_1:0.8573928490836261,((G_1:0.463475886222797,I_1:0.46347588622279706):0.3486857960376134,H_1:0.8121616822604104):0.04523116682321575):2.4272443766042175,(K_1:1.258223238310967,L_1:1.258223238310967):2.0264139873768765):2.2635242091523344,((A_1:0.4149319139095446,C_1:0.41493191390954465):4.433366922193387,(F_1:1.1239128992870973,E_1:1.1239128992870973):3.724385936815834):0.6998625987372469):0.0;
(C_1:1.4340008015868282,(B_1:0.8078321327591791,D_1:0.8078321327591791):0.626168668827649):1.5228178249194593;
D_1:2.058514941491727;
E_1:0.08305111458836978;
(K_1:2.370370590281818,(J_1:0.8574118055801155,I_1:0.8574118055801155):1.5129587847017025):0.8364809745052564;
K_1:3.0366454575070216;
L_1:1.750622130673971;
K_1:1.215170083129295;
K_1:1.0777655787674698;
