(((L_1:1.8119632341091583,K_1:1.8119632341091583):0.7409935031042993,G_1:2.5529567372134574):1.2048247704211836,(I_1:0.5305595123142478,H_1:0.5305595123142478):3.2272219953203933):2.0042395349995963;
((K_1:2.4025022290389786,L_1:2.4025022290389786):0.8849253858572846,((G_1:0.3491287777356391,H_1:0.34912877773563916):1.4040527069630633,(J_1:1.0940514268318773,I_1:1.0940514268318773):0.6591300578668252):1.5342461301975612):0.5131348281790191;
G_1:1.5789948708016053;
H_1:0.06259163320581204;
I_1:0.00654720346000659;
K_1:2.197874172112402;
