((K_1:1.0712954581732783,L_1:1.0712954581732783):1.311007150251439,(I_1:0.8567156033017809,G_1:0.8567156033017809):1.5255870051229365):3.2434585114699623;
(((D_1:1.3806841256301507,C_1:1.3806841256301507):0.5166517380487803,B_1:1.897335863678931):0.4254355750160588,E_1:2.32277143869499):2.4517507284006452;
(((B_1:0.3832529509690064,A_1:0.38325295096900636):1.9309465543986062,F_1:2.314199505367613):1.346605375547459,D_1:3.6608048809150713):0.5071934467508772;
(E_1:2.4817778876155265,A_1:2.481777887615527):1.5374052076061866;
(D_1:1.5167709460896763,(A_1:1.0238682263869112,(C_1:0.9910164489435412,B_1:0.9910164489435412):0.032851777443370055):0.49290271970276506):0.48438755515394205;
D_1:1.0080793240549002;
(C_1:0.23009820806025125,B_1:0.23009820806025125):0.37159214257991835;
C_1:0.5053677788006338;
B_1:0.08655081693856832;
B_1:0.03786050934939189;
C_1:0.1668986634045706;
D_1:0.06066857376304291;
F_1:2.002573168912793;
(E_1:1.110399873781771,F_1:1.110399873781771):0.5309548182931803;
E_1:0.18985063408288383;
F_1:0.2774002256973831;
F_1:0.0837433011931743;
L_1:4.679203329301918;
K_1:0.05160544769951425;
