(J_1:1.3664835018413999,(H_1:0.554354650941949,(I_1:0.3433485385339726,G_1:0.3433485385339725):0.21100611240797637):0.8121288508994509):5.38767231465784;
G_1:0.42366996292284514;
G_1:0.24303945514216935;
I_1:0.05622501156562046;
I_1:0.028165999339071213;
