((K_1:2.64581087226641,((J_1:1.1868270442165623,(I_1:0.472600981008227,G_1:0.47260098100822695):0.7142260632083353):1.2004211148841488,H_1:2.387248159100711):0.2585627131656997):2.9634458385940303,(D_1:2.1904275521681553,(A_1:0.4562754729763146,(B_1:0.2699800299025946,C_1:0.2699800299025946):0.18629544307372004):1.7341520791918406):3.418829158692285):0.0;
((B_1:0.370836252767639,C_1:0.370836252767639):1.2436301687450904,A_1:1.6144664215127293):0.47974877825772255;
(D_1:1.0317836695377531,(B_1:0.7368931730317592,(A_1:0.5825426207837499,C_1:0.5825426207837499):0.15435055224800937):0.2948904965059939):0.7791932967431336;
B_1:1.5786353584898583;
D_1:1.0558179529775462;
B_1:0.30278502969352683;
A_1:0.12175698960870576;
D_1:0.07041055273049901;
F_1:0.9293832380540835;
(G_1:1.3448964820211673,J_1:1.3448964820211673):3.671859184759432;
(I_1:1.6516829201004737,((G_1:0.45675728011017475,H_1:0.4567572801101748):0.4871933659610821,J_1:0.9439506460712569):0.7077322740292168):0.2487414776760859;
J_1:1.1283543450837505;
I_1:0.18740298049962756;
K_1:2.1863830936359285;
L_1:1.7846223594171595;
