((E_1:1.2873216755324548,F_1:1.2873216755324548):1.2609504440233448,((B_1:1.0371367966076823,C_1:1.0371367966076823):0.36880848490787005,D_1:1.4059452815155524):1.1423268380402472):4.947741065862004;
F_1:5.104336262524976;
D_1:1.8980094009958368;
((B_1:0.20173353779455971,C_1:0.20173353779455971):1.56972030459626,A_1:1.77145384239082):0.053416929271362656;
((A_1:1.3324446470925544,(C_1:0.5359010433844319,B_1:0.5359010433844319):0.7965436037081225):0.020111648379085207,D_1:1.3525562954716397):0.23092203819930623;
C_1:0.41115427967076773;
B_1:0.25059250705495084;
C_1:0.22344599861463163;
B_1:0.1397902776568134;
C_1:0.12730849749242337;
D_1:0.5099565205857076;
