(((L_1:1.9963802294741584,K_1:1.9963802294741584):1.067808838469516,(I_1:1.094552515468449,G_1:1.094552515468449):1.969636552475225):2.752967077214499,(F_1:2.6644910830764825,(D_1:1.685165527858091,(C_1:0.43219102977634616,B_1:0.43219102977634616):1.252974498081745):0.9793255552183914):3.1526650620816907):0.0;
B_1:0.5170745053272574;
C_1:0.4927645647468206;
B_1:0.05457296934133271;
D_1:0.10066529623134035;
F_1:1.3057521554851717;
G_1:0.19748825982919516;
