(L_1:2.920598367154254,(K_1:2.7231008459966666,(J_1:1.2565849091444838,G_1:1.2565849091444838):1.4665159368521832):0.19749752115758762):3.169885718607347;
J_1:1.0468171322686153;
G_1:0.6201060245961274;
L_1:0.844607507031182;
