((A_1:1.7441735967095409,D_1:1.7441735967095409):0.6486143543523011,F_1:2.392787951061842):6.732436719326083;
D_1:1.0628360988877574;
(F_1:1.1782606168425263,E_1:1.1782606168425263):0.9445158566750913;
F_1:1.33202493416653;
F_1:1.2133757779591874;
F_1:0.23925075339657287;
