(((C_1:0.7889911709548083,A_1:0.7889911709548083):1.6014776562115471,B_1:2.3904688271663552):3.4009972711678627,(F_1:1.6602437302121353,E_1:1.6602437302121353):4.131222368122083):0.0;
F_1:0.27425571166039076;
F_1:0.041519210467509726;
