D_1:4.0230766179537545;
((B_1:0.270690411699471,C_1:0.270690411699471):1.5949835161216503,D_1:1.8656739278211214):2.04699414046809;
E_1:3.0414111175109344;
E_1:1.6993899403497563;
E_1:0.8150716011842674;
