(A_1:1.2299844744340405,D_1:1.2299844744340405):4.897829874437887;
(E_1:1.0658282997013206,F_1:1.0658282997013206):3.084542388684217;
D_1:1.9634453995918586;
D_1:1.7008581549289092;
F_1:0.6127252559931087;
