(((J_1:0.8929303868624423,(H_1:0.47824624519260117,I_1:0.47824624519260117):0.4146841416698412):1.4313236585264584,G_1:2.3242540453889005):3.049632737346667,(E_1:4.936068098587631,(C_1:0.4202484699703307,B_1:0.4202484699703307):4.515819628617301):0.4378186841479366):0.0;
(D_1:3.745333369259712,((C_1:0.7152044488592442,B_1:0.7152044488592442):0.3075197193966235,A_1:1.0227241682558676):2.722609201003845):0.03470223113452109;
((B_1:2.155401362069573,(C_1:0.5659212965198803,A_1:0.5659212965198803):1.5894800655496923):0.7207796078015399,E_1:2.8761809698711125):0.7541557038876321;
(((D_1:0.8971776672603514,A_1:0.8971776672603514):1.0509246667882473,(C_1:0.4225191229833518,B_1:0.4225191229833518):1.525583211065247):1.0361145313174067,(E_1:1.3126204240411419,F_1:1.3126204240411419):1.6715964413248636):0.38246807135351;
(F_1:1.4574975596856141,E_1:1.4574975596856141):0.919552484962358;
(B_1:1.365499340324785,D_1:1.365499340324785):0.03120205245465746;
((C_1:0.20680250201771852,B_1:0.20680250201771852):0.42543302335625044,A_1:0.6322355253739689):0.1659743965171373;
A_1:0.07498023620310254;
C_1:0.26311007986277823;
B_1:0.02070623743534583;
(E_1:1.9259580555190932,F_1:1.9259580555190932):0.10962425815416776;
E_1:1.6553055575172522;
E_1:0.9399281005214829;
E_1:0.8664734666889025;
E_1:0.6514105903278078;
E_1:0.6202212147743627;
E_1:0.3888868192753132;
E_1:0.3161389160298309;
F_1:0.7528217568580022;
F_1:0.6995638980341846;
(I_1:1.0779990659304663,(G_1:0.8701475301737698,H_1:0.8701475301737698):0.20785153575669654):1.171649020353274;
((G_1:0.8050142557886784,H_1:0.8050142557886784):0.8244891891315131,(I_1:1.6115691444683609,J_1:1.6115691444683609):0.017934300451830663):0.0005723088666322873;
J_1:0.907733678788653;
I_1:0.26983867194777167;
I_1:0.16819237306811585;
I_1:0.15183681705987365;
L_1:1.5261236970390344;
