((I_1:0.9130661707564216,(G_1:0.4052607547883217,H_1:0.40526075478832174):0.5078054159680999):2.6413109418429412,(K_1:1.1529516689473227,L_1:1.1529516689473227):2.40142544365204):2.0230455245390004;
K_1:0.5965632164473561;
K_1:0.2185529233646608;
