((G_1:0.5600749626937189,H_1:0.560074962693719):4.7860828938106685,((B_1:0.5339025751927072,A_1:0.5339025751927071):0.26756580859158874,D_1:0.801468383784296):4.544689472720091):0.14650843457591858;
B_1:0.4611321653036772;
B_1:0.24315969205437923;
B_1:0.03321157881739503;
D_1:0.10922680980730504;
