(E_1:2.4481119387766475,((B_1:0.621585800637291,A_1:0.6215858006372909):0.3718883331492291,(D_1:0.8599247462717621,C_1:0.8599247462717621):0.13354938751475792):1.4546378049901272):4.8599243897570865;
F_1:1.986774155167961;
E_1:0.8230137509973542;
