((C_1:2.396368162998768,B_1:2.396368162998768):3.088519738678582,(K_1:1.5376829116219977,L_1:1.5376829116219977):3.9472049900553525):0.0;
F_1:1.4966324986740906;
K_1:0.15317866255238677;
