(((B_1:0.49251639934016855,C_1:0.49251639934016855):0.31310970797437315,D_1:0.8056261073145417):1.4300135370637348,A_1:2.2356396443782764):3.573944864924357;
(F_1:2.713110787867783,(((B_1:0.3495500924184145,A_1:0.34955009241841445):0.3998579596442592,C_1:0.7494080520626737):0.9933197486776565,D_1:1.7427278007403302):0.9703829871274529):1.6489622899557892;
((A_1:0.8472977453811219,B_1:0.847297745381122):0.7403796435920649,D_1:1.5876773889731868):2.2496776345624574;
A_1:0.7208428513202595;
A_1:0.2395174297641966;
A_1:0.1544165682915826;
E_1:2.284065846241343;
F_1:1.9195187728694723;
