(((H_1:1.1359666308727479,(G_1:0.4042873980603414,I_1:0.4042873980603415):0.7316792328124064):2.3120521589058693,K_1:3.448018789778617):2.177139691711052,(E_1:2.3531297204040937,(A_1:0.5286664016835805,B_1:0.5286664016835806):1.8244633187205133):3.2720287610855756):0.0;
((B_1:2.4761869066862614,E_1:2.4761869066862614):0.6652797283965155,(A_1:0.4847584709612967,C_1:0.48475847096129676):2.65670816412148):0.984413762880223;
F_1:2.860292476209252;
A_1:2.4390895637637016;
B_1:2.2409260610699864;
A_1:0.7207241694407269;
B_1:0.6684516722336198;
A_1:0.1917731553585104;
D_1:0.49288106363966067;
D_1:0.3550396292165171;
F_1:1.8398783029954568;
((L_1:1.259882385161778,K_1:1.259882385161778):1.2920581491194265,((I_1:1.137455874678423,J_1:1.137455874678423):0.033138337439579536,(H_1:0.8205112865913575,G_1:0.8205112865913575):0.35008292552664494):1.381346322163202):0.6721716750425868;
(J_1:1.8533790149555873,(H_1:0.8180297722291888,(I_1:0.5096114248375838,G_1:0.5096114248375837):0.308418347391605):1.0353492427263986):0.6470038718149822;
J_1:1.52125765578478;
((J_1:1.047951849853017,H_1:1.047951849853017):0.009385395394221306,(G_1:0.3877803890984451,I_1:0.38778038909844514):0.6695568561487931):0.08589446987369231;
H_1:0.19388220631781156;
H_1:0.0007090173248552878;
I_1:0.12282488123873689;
L_1:2.1077740471309805;
