F_1:5.572177927702025;
E_1:1.1968696636369551;
