((C_1:3.313541316838349,B_1:3.3135413168383487):7.540437708414197,(K_1:3.40433881789937,((J_1:1.0562817064769892,(H_1:0.8616205569874414,G_1:0.8616205569874414):0.1946611494895478):0.38234316441375393,I_1:1.438624870890743):1.965713947008627):7.449640207353175):0.0;
((E_1:2.4688815433789686,((A_1:0.396866682742399,C_1:0.39686668274239906):0.9828081480170922,(D_1:1.1588983201454879,B_1:1.1588983201454879):0.22077651061400325):1.0892067126194775):1.8262139472519923,F_1:4.295095490630961):0.49477524472662093;
D_1:1.2903473285247167;
D_1:0.3316196498690569;
L_1:1.1317583130737314;
