K_1:3.6570841220134596;
K_1:2.246990006780379;
(L_1:1.0148133918662565,K_1:1.0148133918662565):0.20891542082729275;
K_1:0.7789937464201822;
