(((L_1:1.2656521895044512,K_1:1.2656521895044512):1.0376375787597722,(G_1:0.49971611911991953,(H_1:0.4040648353894661,I_1:0.4040648353894661):0.09565128373045353):1.8035736491443037):3.715222160805913,F_1:6.0185119290701365):0.0;
E_1:1.0376310921295606;
E_1:0.17379658620525085;
