(((F_1:2.4037733435437847,D_1:2.4037733435437847):2.4091957716169086,E_1:4.812969115160693):0.700043625790147,(L_1:2.8951950106912943,(K_1:2.5046061450686596,(J_1:0.8614917390301552,((H_1:0.2577378088374501,I_1:0.2577378088374501):0.17895125615831578,G_1:0.4366890649957659):0.4248026740343892):1.6431144060385048):0.39058886562263445):2.617817730259546):0.0;
((A_1:0.6394725179381398,(B_1:0.45305429093891436,C_1:0.45305429093891436):0.18641822699922544):1.1421820419711217,D_1:1.7816545599092617):3.3793424281252014;
(D_1:1.3221726526205693,C_1:1.3221726526205693):2.2037249398366003;
C_1:0.0823333239459722;
D_1:0.07760288399813697;
D_1:0.047429084978880875;
L_1:3.1552123708240956;
(I_1:1.793089181720278,(H_1:1.4005589490343748,G_1:1.4005589490343748):0.3925302326859035):0.32173671461375086;
(G_1:0.5510252683171035,H_1:0.5510252683171035):0.2423105940324598;
I_1:0.31754265353288036;
I_1:0.3162136170126526;
H_1:0.23017880040249453;
L_1:1.8007020330393873;
K_1:0.5385136972671276;
K_1:0.08708529000143428;
L_1:0.7655054547930408;
