I_1:5.85218497776172;
((H_1:0.5069862593712763,I_1:0.5069862593712763):0.09011559733682954,G_1:0.5971018567081057):0.09584247986394467;
I_1:0.10148516090510071;
