(K_1:1.369471269517748,L_1:1.369471269517748):5.427658455051139;
L_1:1.2586451410287465;
L_1:0.22455963709606874;
