((B_1:1.4964313168201469,(D_1:1.1584061064765965,(A_1:0.3413037531055921,C_1:0.34130375310559213):0.8171023533710043):0.3380252103435503):2.910405323279419,F_1:4.406836640099566):1.4133509205303287;
(D_1:2.7755867836365025,(F_1:1.217721570218132,E_1:1.217721570218132):1.5578652134183704):2.1848645212606956;
F_1:4.28908903674863;
(C_1:1.062111217835164,(B_1:0.65101367757798,A_1:0.6510136775779799):0.41109754025718404):1.3036798338144473;
C_1:0.7798542813132894;
F_1:2.149973279782989;
F_1:2.1133418772492067;
E_1:2.013836459695707;
F_1:1.8987102609262125;
F_1:1.0900852852359806;
E_1:0.954760491940854;
F_1:0.4374819048499907;
F_1:0.25485849643647407;
