((((J_1:1.0889751707768198,I_1:1.0889751707768198):1.8638183085758944,(L_1:1.7453905905083293,K_1:1.7453905905083293):1.2074028888443848):0.30534774454220026,H_1:3.2581412238949143):2.2717005908227845,E_1:5.529841814717699):0.5771292259669555;
E_1:0.15224954846303285;
F_1:0.40415605866727444;
F_1:0.33518931732442836;
F_1:0.2808642972822094;
K_1:2.1446760933074227;
L_1:1.0753496538505172;
L_1:0.1898276555704589;
