(E_1:1.3573085256115285,F_1:1.3573085256115285):4.317496333535305;
((((J_1:1.021138388523935,(I_1:0.8843424634033558,G_1:0.8843424634033558):0.13679592512057906):1.6469409822280239,H_1:2.6680793707519586):0.04150771803485724,K_1:2.7095870887868156):0.11155193674209177,L_1:2.8211390255289075):0.37268059360254213;
J_1:1.92728571101441;
J_1:0.15920288268011662;
K_1:1.2392769829805426;
L_1:0.7897487544125582;
L_1:0.6321020170123266;
