(D_1:5.58671021807681,(((I_1:0.3150571081541821,H_1:0.3150571081541821):2.358471716147128,L_1:2.67352882430131):0.3915595290868907,J_1:3.065088353388201):2.5216218646886093):0.0;
(F_1:2.4075387695816084,(((A_1:0.4111448111631058,B_1:0.41114481116310586):0.4262210061237663,C_1:0.8373658172868722):0.15919872591443568,D_1:0.9965645432013079):1.4109742263803011):1.3793321592445975;
A_1:0.1673762840258056;
D_1:0.2544665462002452;
F_1:0.8193702074067494;
F_1:0.7629018608926417;
J_1:1.6734797818811646;
L_1:0.2501504807732653;
