D_1:2.7987811130001914;
((C_1:0.9693838786857835,(B_1:0.9309907888537609,A_1:0.9309907888537609):0.038393089832022574):0.7456766142635624,D_1:1.7150604929493458):1.0805512170501796;
(A_1:0.7838094982581052,C_1:0.7838094982581052):1.3470563456631126;
((A_1:0.4178303451539352,B_1:0.41783034515393525):0.010360037857026631,C_1:0.42819038301096185):1.640079569925862;
B_1:0.12892375301311698;
C_1:0.14197718906310064;
D_1:0.4562878520486585;
F_1:2.294937483731914;
