((D_1:1.0044074266111978,((C_1:0.6406079457538356,B_1:0.6406079457538356):0.27700900781192017,A_1:0.9176169535657557):0.08679047304544205):5.482427765627158,(L_1:1.019264071672048,K_1:1.019264071672048):5.467571120566308):0.0;
B_1:0.8488931841075626;
E_1:1.925341743918663;
