((F_1:1.8686935562161904,E_1:1.8686935562161904):0.8423231679434907,(A_1:1.7214846478330816,D_1:1.7214846478330816):0.9895320763265992):2.2546287006845325;
E_1:0.9111724356327427;
F_1:0.9178644429862073;
F_1:0.1736347361798043;
((K_1:1.3414149138853355,L_1:1.3414149138853355):1.6629909519349029,((G_1:0.37097350084056013,I_1:0.3709735008405602):0.24283412515644645,H_1:0.6138076259970067):2.3905982398232313):0.8756149512138305;
(K_1:1.4693866387137038,L_1:1.4693866387137038):0.19727495000087347;
K_1:1.4695497207823178;
K_1:0.9311289968258435;
K_1:0.8152490725827901;
K_1:0.7603929083364063;
K_1:0.11974692194748227;
