L_1:4.460293442311457;
G_1:3.0946693591343455;
G_1:0.1969654668061394;
K_1:0.16893590796051594;
L_1:0.2527154987532525;
