((K_1:2.507827635663733,(J_1:0.926545437106886,(I_1:0.5217095556047003,G_1:0.5217095556047002):0.40483588150218563):1.5812821985568468):3.0108722177079223,F_1:5.518699853371656):0.0;
F_1:1.9551442409382078;
E_1:0.7305089199368331;
F_1:0.7180235670375074;
F_1:0.005850695475193679;
J_1:0.46556493915110314;
