(((A_1:0.4247883667893233,B_1:0.42478836678932336):2.066114101635383,(C_1:0.9489160531272691,D_1:0.9489160531272691):1.5419864152974374):7.689571267521998,((L_1:1.7477682631175175,K_1:1.7477682631175175):0.9977573206708397,((G_1:0.7665519469323335,H_1:0.7665519469323336):0.6760304526137069,(I_1:1.191667428733097,J_1:1.191667428733097):0.25091497081294345):1.3029431842423167):7.434948152158348):0.0;
(D_1:1.042061958409564,((B_1:0.46896483329933014,A_1:0.46896483329933003):0.0441079705515892,C_1:0.5130728038509194):0.5289891545586448):3.2436952677674307;
(A_1:1.5144971089528556,D_1:1.5144971089528556):1.3315089042718482;
B_1:1.8361290134775696;
B_1:0.678272554241628;
A_1:0.5445227070716873;
B_1:0.43943691378571986;
H_1:0.7787347063169326;
H_1:0.061479522708233925;
L_1:0.1276441750807228;
