((((G_1:0.8068319868801148,H_1:0.8068319868801148):0.4658886735495264,I_1:1.2727206604296413):1.0772739506508102,(K_1:1.7820848028759086,L_1:1.7820848028759086):0.5679098082045426):3.447489575512611,((E_1:1.4892983890616245,F_1:1.4892983890616245):1.8018782128165405,(((B_1:0.2540817613972303,C_1:0.2540817613972303):0.35052176278234004,A_1:0.6046035241795704):0.22395311755079889,D_1:0.8285566417303694):2.4626199601477956):2.5063075847148975):0.0;
((B_1:0.38415314400203776,A_1:0.3841531440020377):0.776196433509426,D_1:1.1603495775114638):3.30851854695298;
C_1:1.2893610038354095;
B_1:1.0264173414474862;
(B_1:0.4518054912989302,A_1:0.4518054912989302):0.04254124597269254;
A_1:0.09544611675355144;
A_1:0.060728479645217576;
D_1:0.7815355743513673;
(K_1:2.934350132774927,L_1:2.934350132774927):0.1526571041549576;
H_1:1.935856577118044;
(K_1:1.0296962068370652,L_1:1.0296962068370652):1.1194040031133783;
L_1:2.030030685803813;
K_1:1.490051591657965;
L_1:1.1092024628404646;
K_1:1.0880009998457918;
K_1:0.9013493352913212;
L_1:0.7475715575377061;
L_1:0.5761142122821862;
L_1:0.4431922785923986;
