((E_1:1.76793462622787,F_1:1.76793462622787):1.01668880787439,C_1:2.7846234341022598):4.110127954029808;
E_1:2.8147287503597074;
(F_1:1.4007648694658794,E_1:1.4007648694658794):0.5950151843291402;
F_1:1.2497297086147612;
E_1:0.2818932185286769;
E_1:0.20069925484957696;
F_1:0.9271567443303229;
F_1:0.12411626316254432;
F_1:0.11914812634659677;
