(J_1:1.5733614803162426,((H_1:0.4902921256175734,G_1:0.4902921256175733):0.45412655139250746,I_1:0.9444186770100809):0.6289428033061617):4.010795335633476;
J_1:0.08895417032406794;
K_1:0.6333989451473043;
