(E_1:5.494571475043621,((H_1:1.6002169431040205,J_1:1.6002169431040205):0.10194286707404,G_1:1.7021598101780606):3.7924116648655604):0.0;
((K_1:2.3648229090373967,I_1:2.3648229090373962):1.9983975363072324,((G_1:0.7107366835223501,H_1:0.7107366835223501):0.8035585088087454,J_1:1.5142951923310954):2.8489252530135336):0.5514232306627624;
(K_1:2.526540341278861,((J_1:1.1441467927913551,G_1:1.1441467927913551):0.08546023143920932,H_1:1.2296070242305643):1.2969333170482966):1.1802113754423473;
H_1:0.5819045878454755;
H_1:0.3163019885401701;
J_1:0.5129468257266679;
J_1:0.12650863890523145;
K_1:2.089980125477214;
K_1:1.3990352982756868;
L_1:1.1934520166761846;
K_1:1.0502187328660724;
K_1:1.0206098575072828;
K_1:0.5260209159681416;
L_1:0.017961122112592265;
