((F_1:1.4361821413753906,E_1:1.4361821413753906):4.682071090552057,(L_1:3.0476000919523534,J_1:3.0476000919523534):3.070653139975094):0.0;
F_1:1.8367033436583524;
F_1:1.3071077878506645;
(E_1:1.0490611885324566,F_1:1.0490611885324566):0.09907810200079203;
F_1:1.0349453249969336;
F_1:0.07781297850091706;
F_1:0.017208500102091295;
L_1:0.7487650144214826;
L_1:0.6390283619631701;
