((F_1:1.8305212806382234,E_1:1.8305212806382234):0.790696008545186,(A_1:0.7047269648859593,C_1:0.7047269648859593):1.9164903242974498):1.3740627720616834;
D_1:1.6748194712173432;
D_1:1.4645210991138926;
A_1:0.9093378872748008;
C_1:0.1159793889146431;
D_1:0.5630300282899644;
F_1:1.692225016838763;
(J_1:2.9924850575905553,K_1:2.992485057590555):2.1139884650694114;
