(((L_1:2.2141151933145258,K_1:2.2141151933145258):0.15930277497327097,((I_1:0.31845666841976483,G_1:0.3184566684197648):1.2000534012282769,J_1:1.5185100696480416):0.8549078986397549):3.8704476818102336,((C_1:2.853111136320464,(B_1:1.520281908451405,A_1:1.520281908451405):1.332829227869059):1.3852388237356599,F_1:4.238349960056124):2.0055156900419067):0.0;
((E_1:2.437864686031788,F_1:2.437864686031788):1.0820005441771172,((C_1:0.4483639427962033,(B_1:0.41829592020306505,A_1:0.418295920203065):0.03006802259313823):1.5810403087600586,D_1:2.029404251556262):1.4904609786526435):0.7447491334946026;
F_1:2.4748424400082656;
J_1:0.35953231220795817;
K_1:0.1793999342229814;
