((((H_1:0.7305904534510086,I_1:0.7305904534510086):0.1932041282361185,G_1:0.923794581687127):1.8093731837195608,((L_1:1.5281461012661124,K_1:1.5281461012661124):0.868116402841305,J_1:2.3962625041074177):0.3369052612992703):3.2037532636084767,(F_1:1.5143740176727127,E_1:1.5143740176727127):4.422547011342452):0.0;
(H_1:1.7101847811510031,J_1:1.7101847811510031):2.6290017821513043;
((J_1:1.7236117230141652,((H_1:0.22573795331002347,I_1:0.22573795331002347):0.10488142119901939,G_1:0.33061937450904283):1.3929923485051223):0.972584652783925,(K_1:1.0167219562800134,L_1:1.0167219562800134):1.6794744195180769):0.3164266556077897;
I_1:0.2109996369747727;
H_1:0.14550575909959082;
I_1:0.13409596768168963;
J_1:0.752048248557874;
L_1:1.0042001708059274;
K_1:0.8128920295554121;
L_1:0.8440262833147205;
L_1:0.8418687940429477;
L_1:0.05684239410474623;
