(L_1:2.411405634819497,(H_1:1.3009418599329492,(J_1:1.0618851502361824,(G_1:0.5375957954758388,I_1:0.5375957954758389):0.5242893547603433):0.23905670969676684):1.1104637748865485):3.196829805125395;
K_1:3.563023719581039;
G_1:1.0737676630244837;
G_1:0.23499776972433892;
(K_1:1.5642426495412745,L_1:1.5642426495412745):0.03351917806827687;
K_1:0.12726368486153872;
L_1:0.8817615995719934;
L_1:0.2583514373980125;
L_1:0.23529076797088722;
