(F_1:2.602862331086107,B_1:2.602862331086107):3.174087457286066;
B_1:0.6998879252342405;
(K_1:4.366203507343606,(J_1:1.9821376771849124,(H_1:0.8388586726269542,(I_1:0.40973593877179837,G_1:0.4097359387717983):0.4291227338551559):1.1432790045579582):2.3840658301586934):0.7224452424536709;
((K_1:1.3504122169802781,L_1:1.3504122169802781):1.4103173848838801,((H_1:1.0660356109069005,G_1:1.0660356109069005):1.1850230262238752,J_1:2.2510586371307757):0.5096709647333826):1.1176401711252346;
K_1:3.6739240840424996;
(J_1:0.8432329144016651,((H_1:0.2763917096117188,I_1:0.2763917096117188):0.059217827845720585,G_1:0.3356095374574394):0.5076233769442257):0.9227591532906619;
(G_1:0.5326657449162715,I_1:0.5326657449162715):0.9157835778073835;
I_1:0.7785853260905798;
G_1:0.21633268038373302;
G_1:0.20809956652378586;
(K_1:2.098274831561164,L_1:2.098274831561164):0.09666922843720993;
L_1:1.004840311322053;
L_1:0.8755858205586955;
L_1:0.6792157564567353;
L_1:0.37065028653378573;
