E_1:5.75446445547242;
(((A_1:0.40103379729334826,C_1:0.4010337972933483):1.0702785292094006,(B_1:0.9487002994349969,D_1:0.9487002994349969):0.522612027067752):1.0465220447688355,F_1:2.5178343712715843):0.021376305111171945;
B_1:1.8609818991721576;
A_1:1.8054272482533;
D_1:0.7368939212219707;
E_1:1.8968276945230165;
F_1:1.5482918834419825;
E_1:1.3305998768885576;
E_1:1.1720767026825605;
F_1:0.017019594325421328;
