(K_1:1.9566663856513236,L_1:1.9566663856513236):2.9131106150022594;
L_1:1.3680207254065844;
L_1:0.29850998656812766;
