(((((H_1:0.8598458449565247,J_1:0.8598458449565247):0.004981442016486602,I_1:0.8648272869730114):0.06489811219046722,G_1:0.9297253991634786):1.6153101146059294,K_1:2.545035513769408):0.20448990770505998,L_1:2.749525421474468):3.2487121901733302;
(((I_1:0.8572372344129461,J_1:0.8572372344129461):0.10428825225426712,G_1:0.9615254866672132):0.873725664570902,H_1:1.835251151238115):0.16166404209457386;
H_1:0.5559988751293463;
G_1:0.5203480710477729;
L_1:0.154374036553672;
