E_1:5.322744407332967;
(J_1:0.8724054636794153,(H_1:0.3726979000238652,I_1:0.3726979000238652):0.49970756365555):3.677985236548557;
((L_1:1.6552937433755421,K_1:1.6552937433755421):1.1637666792501968,(G_1:0.6548954591005213,I_1:0.6548954591005214):2.164164963525218):1.3302839326993514;
(((I_1:0.4834829314973824,G_1:0.4834829314973824):0.6635118360978445,J_1:1.146994767595227):0.6621084520960563,H_1:1.8091032196912833):1.675860159667172;
G_1:0.29573726274321926;
L_1:2.2339576074994056;
L_1:0.9808596388302298;
L_1:0.02900852641574958;
