((L_1:2.43236587422785,K_1:2.43236587422785):0.12606621234256002,(G_1:0.31799550834979895,H_1:0.317995508349799):2.2404365782206113):4.9174368950170315;
K_1:3.1148506377342944;
J_1:2.259082813502854;
(G_1:1.0856377740174123,(I_1:0.3329956047816188,H_1:0.3329956047816188):0.7526421692357936):1.1108536503647366;
(H_1:0.2625229123381335,I_1:0.2625229123381335):1.8599988721954888;
G_1:0.7151686935622841;
G_1:0.023410185655903526;
K_1:0.10664472835645722;
