((I_1:0.9186426394512538,H_1:0.9186426394512539):0.06748207871636387,J_1:0.9861247181676177):4.845781904562867;
((G_1:1.1275284320051342,H_1:1.1275284320051342):1.3140013426949686,(I_1:1.1296807912790439,J_1:1.1296807912790439):1.311848983421059):2.658115027777049;
(K_1:2.6129435774070027,(J_1:1.1326888953545238,((I_1:0.7060300960571022,H_1:0.7060300960571022):0.0196787137650299,G_1:0.7257088098221322):0.4069800855323916):1.4802546820524787):2.4186680661762106;
(J_1:1.5042866839344877,(H_1:1.2671611500080127,(G_1:1.2129992859621264,I_1:1.2129992859621264):0.05416186404588639):0.23712553392647504):1.3227036712615188;
G_1:0.535052371321916;
G_1:0.24980081829562112;
H_1:0.08717354230177499;
H_1:0.05351167417857383;
J_1:0.49086156637749295;
J_1:0.09101407000921324;
