(((E_1:1.9906162455447036,F_1:1.9906162455447036):1.0573605280921594,(A_1:0.6540961487578202,C_1:0.6540961487578203):2.393880624879043):0.24389230577852813,D_1:3.291869079415391):2.8069300317089594;
(E_1:2.5439136300983853,(D_1:1.345122459192884,C_1:1.345122459192884):1.198791170905501):1.60504150280098;
((E_1:2.7526221270201976,(C_1:0.8541041488242892,D_1:0.8541041488242892):1.8985179781959087):1.0267618211849485,F_1:3.779383948205146):0.013835604202589558;
((E_1:1.4450690210547599,F_1:1.4450690210547599):1.481986698121556,(D_1:1.1392820111965198,((A_1:0.40117729189473283,B_1:0.4011772918947329):0.2573303979919338,C_1:0.6585076898866666):0.48077432130985326):1.7877737079797957):0.5356207817752763;
((B_1:0.7366705227516708,C_1:0.7366705227516708):0.3174253674906497,A_1:1.0540958902423205):0.6967664540950405;
D_1:0.1755826964240993;
F_1:2.1195372949384916;
E_1:0.716857002137682;
E_1:0.5642261646259638;
E_1:0.44540211508730876;
F_1:0.9524998521900364;
F_1:0.5014778087904669;
F_1:0.33889297010772135;
F_1:0.20313691957436242;
