L_1:7.306011407515026;
L_1:2.2746537672873206;
