((F_1:1.0954185748923198,E_1:1.0954185748923198):1.5627578397409034,(B_1:1.718516011030012,C_1:1.7185160110300117):0.9396604036032116):3.200487237137928;
(F_1:2.3592732772151797,(D_1:1.1949633198626854,(C_1:0.38651281196481213,(A_1:0.33502718565043926,B_1:0.3350271856504393):0.05148562631437279):0.8084505078978734):1.1643099573524942):1.8358373533985368;
(((D_1:0.9561127454533644,B_1:0.9561127454533644):0.11224620100807291,A_1:1.0683589464614374):1.9620722726981015,F_1:3.0304312191595386):0.4732380135997807;
A_1:0.1748953339753444;
A_1:0.12091330363480582;
A_1:0.002060524783850437;
F_1:0.835512802706197;
F_1:0.6481405969427277;
