((K_1:3.105518825228515,J_1:3.105518825228515):2.952732859197556,F_1:6.058251684426072):0.0;
F_1:0.8680515724483409;
K_1:4.958462985686545;
(((I_1:0.3115520109658021,G_1:0.31155201096580204):0.11317192129883738,H_1:0.42472393226463945):1.194561903652751,J_1:1.6192858359173905):3.242863389862939;
L_1:4.394819803222127;
K_1:0.18724393328605826;
L_1:0.9547892225385373;
