(((K_1:1.5313157305570921,L_1:1.5313157305570921):1.990733733035698,I_1:3.52204946359279):1.7836540528716034,(((A_1:0.8864356701566201,D_1:0.8864356701566201):0.4509533290719576,B_1:1.3373889992285777):1.8571291119205822,(F_1:2.4842196030303767,E_1:2.4842196030303767):0.710298508118783):2.1111854053152337):0.0;
A_1:0.29837294000873826;
A_1:0.13155618180458684;
E_1:0.30696387527916524;
E_1:0.06304341414869086;
J_1:4.672805515240308;
J_1:0.15896070124329198;
