((((A_1:1.1072002081353451,B_1:1.1072002081353451):1.3219463972744292,(F_1:1.5343255602996397,E_1:1.5343255602996397):0.8948210451101343):1.5529334068392597,C_1:3.9820800122490336):3.8501887817741025,((J_1:0.9961682550356615,(H_1:0.32472012122302646,I_1:0.32472012122302646):0.671448133812635):0.6883668996815432,G_1:1.6845351547172047):6.1477336393059305):0.0;
D_1:2.419714942042066;
B_1:1.0590796130835796;
D_1:0.8731216385898966;
E_1:0.9504417863141733;
G_1:0.7910230152129708;
