((D_1:1.0548418737461793,A_1:1.054841873746179):1.673406353289554,B_1:2.728248227035733):6.896707723974574;
((A_1:0.46798381650295817,(B_1:0.38574905862884923,C_1:0.38574905862884923):0.08223475787410897):2.1231258299869786,(E_1:1.0474526896758594,F_1:1.0474526896758594):1.5436569568140774):1.8923416345665007;
(E_1:1.509965373198499,F_1:1.509965373198499):2.8208683137125155;
(D_1:1.7592892022612803,(A_1:0.3619871248638328,B_1:0.3619871248638329):1.3973020773974476):1.841275849100921;
A_1:0.2376335415660093;
A_1:0.1732450234047314;
A_1:0.047624198536958984;
C_1:0.06222090901913957;
F_1:1.5783574009844377;
F_1:1.4161570175260576;
