((((I_1:0.8674102406371892,G_1:0.8674102406371892):0.4642452008027446,J_1:1.3316554414399338):1.1002326600783379,H_1:2.4318881015182714):0.8082381024952108,(K_1:1.2739383651272775,L_1:1.2739383651272775):1.9661878388862053):5.473080730172203;
((I_1:0.6594652886113035,G_1:0.6594652886113035):0.21679797634719988,H_1:0.8762632649585035):2.71174870268837;
K_1:2.7200156682813836;
(H_1:1.5646512416600147,(J_1:0.8495801905135489,I_1:0.8495801905135489):0.7150710511464657):0.8702154219848004;
(J_1:1.0891824842166402,(G_1:0.6037001987975341,I_1:0.6037001987975341):0.485482285419106):0.1440006660370463;
J_1:0.8523246348717093;
G_1:0.8205692779650673;
H_1:0.42020091614328064;
J_1:0.6590912244779984;
J_1:0.6383978625156272;
J_1:0.5009086166094114;
J_1:0.0575428886252356;
(K_1:1.0349683825972424,L_1:1.0349683825972424):1.0495083882991323;
L_1:0.8702479211944555;
L_1:0.5317051374306061;
L_1:0.0677542854655453;
