((((I_1:0.4495565321369277,G_1:0.4495565321369277):0.8158666265956644,J_1:1.2654231587325921):0.3586090098144104,H_1:1.6240321685470025):4.2728153736866865,((D_1:1.458833339405221,(B_1:1.0343218686048372,C_1:1.0343218686048372):0.4245114708003839):1.894231973560475,F_1:3.353065312965696):2.5437822292679924):0.0;
F_1:4.349272473018143;
B_1:2.08270120225035;
E_1:0.8292503237558134;
E_1:0.7542978607872302;
E_1:0.5884873853655559;
F_1:0.46853882513619893;
((K_1:1.1945205075254004,L_1:1.1945205075254004):2.212528930879668,(I_1:0.5927678558569267,G_1:0.5927678558569266):2.8142815825481415):0.7939816135636582;
J_1:0.3020974372660759;
K_1:0.7536147832656168;
L_1:0.7811946849366552;
