((I_1:1.2528568744110873,(G_1:0.8052754180879028,J_1:0.8052754180879028):0.4475814563231844):1.0353826386426113,H_1:2.2882395130536985):3.2028367825872097;
C_1:2.084060299646332;
I_1:0.1303965161336369;
K_1:2.0066949620739782;
K_1:0.6744425057144616;
