(L_1:4.435749639446395,(G_1:1.3211328497066313,I_1:1.3211328497066315):3.1146167897397636):1.989864532015372;
((L_1:1.0775634034545045,K_1:1.0775634034545045):1.9223237832984474,(J_1:1.1984517382780755,((G_1:0.39294620464122815,H_1:0.3929462046412282):0.3550160301812043,I_1:0.7479622348224325):0.45048950345564304):1.8014354484748765):1.393777010044813;
(((H_1:0.5241884058068544,I_1:0.5241884058068544):0.017804902838503823,G_1:0.5419933086453581):2.71586967595076,L_1:3.2578629845961182):0.908235659541146;
((H_1:0.828248330434831,(G_1:0.787878714369105,I_1:0.7878787143691051):0.04036961606572599):0.004745425456552455,J_1:0.8329937558913835):1.20301346932074;
J_1:0.9262061564331203;
G_1:0.8651480838468935;
(I_1:0.6466208137964375,H_1:0.6466208137964375):0.0550145878957935;
I_1:0.5028368259845791;
G_1:0.023044029926360954;
I_1:0.005700999878619634;
K_1:2.232189998335639;
(K_1:1.1535404201518749,L_1:1.1535404201518749):0.014734254215213127;
L_1:1.0548707566393976;
K_1:0.9648680581670508;
K_1:0.9285618520265068;
K_1:0.2252931870159488;
L_1:0.5849732414717275;
