(F_1:2.1674779830045052,E_1:2.1674779830045052):5.169846379361859;
E_1:2.505322192640216;
F_1:1.6671673423294335;
