(K_1:5.59642760362952,((F_1:1.1984832979252305,E_1:1.1984832979252305):1.5521660313826928,(D_1:1.8109600890554762,(B_1:0.6994710574418403,(C_1:0.3167499806092741,A_1:0.31674998060927406):0.3827210768325662):1.1114890316136359):0.939689240252447):2.845778274321596):0.0;
(F_1:1.089271409171966,E_1:1.089271409171966):1.4737121717648398;
(B_1:0.9873231640513881,C_1:0.9873231640513881):0.3748423360225851;
C_1:0.9595737439753258;
E_1:0.6880089071485183;
E_1:0.10922857760529736;
F_1:0.4882220912478855;
F_1:0.3294964714413756;
(L_1:2.6041414215273697,((J_1:0.9554687203137525,H_1:0.9554687203137525):1.348536748945871,(I_1:0.3561224253134039,G_1:0.35612242531340377):1.9478830439462196):0.30013595226774614):2.2754026550193416;
G_1:0.18096395568360396;
I_1:0.20104642189369748;
H_1:0.13432278752835305;
H_1:0.08893703763298455;
H_1:0.08191789936230351;
H_1:0.03454456201009348;
J_1:0.315502220188407;
K_1:0.17769155819724125;
