(E_1:2.7010715810109143,((C_1:0.9348051892070464,(A_1:0.8368893923375778,B_1:0.8368893923375778):0.09791579686946855):1.6233087626506655,F_1:2.5581139518577114):0.14295762915320281):2.342678208120384;
((C_1:1.5276555743175513,A_1:1.5276555743175515):1.5298483343993992,(F_1:2.301292167857944,E_1:2.301292167857944):0.7562117408590066):1.6781057990350283;
(F_1:2.29465941925547,E_1:2.29465941925547):1.7230011365526994;
(B_1:1.3646751118923997,(A_1:1.2529322607417777,D_1:1.2529322607417777):0.11174285115062196):2.2585973193247493;
(C_1:1.0891899652246684,((B_1:0.4088999114983156,A_1:0.40889991149831556):0.5326987944172795,D_1:0.9415987059155951):0.14759125930907321):1.8334619765803746;
(B_1:1.0454617634394479,A_1:1.0454617634394479):1.8754135984222577;
(E_1:2.6420191173355216,(C_1:1.0970543798545451,D_1:1.0970543798545451):1.5449647374809765):0.0985812744705914;
((C_1:0.3390049002846954,A_1:0.3390049002846953):0.12345446254172794,B_1:0.4624593628264233):0.3072486891524401;
A_1:0.2511733420064345;
A_1:0.049203627907538294;
B_1:0.06491204408780765;
D_1:0.5647579259196819;
D_1:0.15897080966339727;
E_1:1.636914617445127;
(E_1:1.34170730583749,F_1:1.34170730583749):0.12946452798169172;
E_1:1.427924532696616;
E_1:1.3822837600169509;
E_1:1.1928429736525836;
E_1:0.8887508516818836;
E_1:0.4117293149479605;
E_1:0.04873645512328029;
F_1:0.9459779103143632;
F_1:0.2230012527756129;
F_1:0.14514973827100708;
