(((C_1:0.5770104049674809,B_1:0.5770104049674809):0.20456044439536344,A_1:0.7815708493628443):2.6650289216290997,(E_1:2.680809744731401,D_1:2.6808097447314005):0.765790026260543):3.3176981628294815;
D_1:1.2161857205247806;
D_1:0.6623357008964283;
E_1:0.8875377873905897;
