(L_1:1.150808958879588,K_1:1.150808958879588):5.618299283991099;
K_1:2.1770371868294855;
L_1:1.9450661432550165;
L_1:1.3157526571006621;
K_1:0.9058257748854434;
K_1:0.7399376021644797;
L_1:0.13663402734225494;
