(K_1:5.592106707336191,((D_1:0.9627805036881325,A_1:0.9627805036881325):0.48632510301112425,(B_1:0.21425202158123124,C_1:0.21425202158123124):1.2348535851180256):4.143001100636935):0.0;
C_1:3.184537773003206;
(B_1:1.0310405064614092,(D_1:0.942944888263148,(C_1:0.7391684267916283,A_1:0.7391684267916283):0.20377646147151965):0.08809561819826106):0.4736996597654033;
B_1:0.7138953304185827;
A_1:0.02127906381943495;
D_1:0.25725690217369923;
K_1:0.19794788746049452;
