((K_1:1.2692410507612855,L_1:1.2692410507612855):1.4069821220194507,((I_1:0.8403046289187891,J_1:0.8403046289187891):0.30373110281428317,(H_1:0.31964859416253066,G_1:0.3196485941625306):0.8243871375705416):1.5321874410476637):2.2002767448061795;
G_1:0.005998638169440906;
J_1:0.3236640976952589;
J_1:0.3062202347874368;
