((L_1:2.847715599085652,K_1:2.847715599085652):2.1205161812589357,((J_1:0.8684102043384887,G_1:0.8684102043384887):0.9758731012853031,(H_1:0.2966348373021776,I_1:0.2966348373021776):1.547648468321614):3.123948474720796):0.7917015906910987;
E_1:3.814684324652417;
(D_1:1.5097237991038859,(C_1:1.271022660340974,A_1:1.271022660340974):0.23870113876291196):0.05780184083374351;
C_1:0.4730430127969977;
E_1:0.8713928383984735;
E_1:0.7374399538037919;
J_1:0.17193794480354585;
L_1:2.083662814374997;
