(K_1:2.4371695940470195,((I_1:0.8297440631856338,H_1:0.8297440631856338):0.3685626499299793,(G_1:0.9210605754877697,J_1:0.9210605754877697):0.27724613762784345):1.2388628809314066):3.52214241352023;
(L_1:2.6231941304180975,K_1:2.6231941304180975):1.6965398913158287;
L_1:2.2006755593045852;
(K_1:1.510969785802954,L_1:1.510969785802954):0.2519412615475811;
L_1:1.1476174956750629;
K_1:0.3512875930970092;
L_1:0.6519037617647423;
L_1:0.2132901841551038;
