((((G_1:0.3008879694576113,I_1:0.30088796945761137):0.20764220248789422,H_1:0.5085301719455055):0.6262146933420538,J_1:1.1347448652875594):4.711748347891767,(F_1:3.3212153910349564,((D_1:1.0047420691254478,A_1:1.0047420691254478):1.3232209991225632,(C_1:0.23049680295396213,B_1:0.23049680295396213):2.097466265294049):0.9932523227869456):2.5252778221443695):0.2883585608490596;
((A_1:0.9913238484678919,(B_1:0.34817070522334415,C_1:0.34817070522334415):0.6431531432445478):1.6306400802840042,D_1:2.621963928751896):1.8253038130084587;
C_1:0.6558009729067296;
J_1:0.32541273453690117;
J_1:0.10968446920054575;
