L_1:6.325164722717377;
L_1:0.3956990646035805;
