(((H_1:0.38935516012387356,G_1:0.3893551601238735):2.0597389265461064,L_1:2.44909408666998):4.667911667220151,(E_1:1.2491908409932357,F_1:1.2491908409932357):5.867814912896896):0.0;
E_1:0.6683652418025343;
E_1:0.4886055226875462;
E_1:0.11937176247090198;
(K_1:2.254954734457203,L_1:2.254954734457203):1.222969990411265;
(I_1:0.45664844517487524,H_1:0.45664844517487524):0.578326917965741;
K_1:0.741986797490288;
K_1:0.2280516283126437;
K_1:0.10561871931633748;
