(((K_1:3.348672527976926,L_1:3.348672527976926):0.7686288097596332,(((H_1:0.40190934326923006,I_1:0.40190934326923006):0.8839912295761246,J_1:1.2859005728453548):0.6195754689312001,G_1:1.9054760417765548):2.211825295960004):2.546503197714232,E_1:6.663804535450791):0.0;
J_1:0.7933056070659845;
J_1:0.19889370512409854;
K_1:0.44639292338034375;
