(K_1:6.424083675449869,J_1:6.42408367544987):0.0;
((I_1:0.35412113082535185,H_1:0.35412113082535185):0.733621751397054,G_1:1.0877428822224058):0.6146142112978651;
G_1:0.2987232519457135;
G_1:0.07672322968466194;
I_1:0.03572074459643995;
L_1:0.19158271289284134;
