(K_1:2.6069796627963635,((((I_1:0.32935297666472674,G_1:0.3293529766647267):0.4461264488806472,H_1:0.7754794255453739):1.2974698417008914,J_1:2.0729492672462655):0.48808347156722437,L_1:2.5610327388134895):0.045946923982873894):2.9856436228694636;
F_1:2.6139957642488643;
F_1:2.2565959527007324;
F_1:0.013062600534357927;
(L_1:2.4930755050994673,J_1:2.4930755050994673):2.164567015923006;
(G_1:1.272201904659204,((I_1:0.8784249765558044,J_1:0.8784249765558044):0.12126273816094583,H_1:0.9996877147167502):0.27251418994245374):3.043875484092618;
L_1:3.1479489241131895;
K_1:2.951839405370123;
J_1:1.491233187800911;
L_1:1.8770635439911731;
K_1:0.9199736197924925;
K_1:0.8428610480843816;
K_1:0.8256015602882137;
K_1:0.22143118350753066;
L_1:0.27543439595488417;
