(((C_1:2.3747584635274652,(D_1:1.3942144978844935,(A_1:0.3494304873195221,B_1:0.34943048731952214):1.0447840105649713):0.9805439656429717):2.0067381238152953,(F_1:1.7919828112455218,E_1:1.7919828112455218):2.5895137760972387):2.295471568623241,(K_1:3.089488628542731,(L_1:2.7319621879541764,(I_1:0.6371102252603811,H_1:0.6371102252603811):2.0948519626937956):0.35752644058855476):3.5874795274232705):0.0;
(D_1:3.629691817765001,E_1:3.629691817765001):1.5064676115672322;
(C_1:2.0685632037667823,B_1:2.0685632037667823):0.9225004590794235;
F_1:2.69075311420205;
(D_1:1.170918365256651,(B_1:0.7055358942798815,(A_1:0.4239932401587702,C_1:0.42399324015877027):0.28154265412111124):0.46538247097676955):1.4577365934532351;
D_1:1.9345182187748569;
(B_1:0.2824539277911008,C_1:0.2824539277911008):0.24620246421091385;
A_1:0.4325073297659399;
C_1:0.10868688597615611;
D_1:0.6309993887468324;
D_1:0.6237616663952086;
D_1:0.05675870094594471;
D_1:0.04140671775141813;
F_1:1.5909571701799845;
F_1:0.2822584201484639;
