(((J_1:0.9354066674409627,(I_1:0.3869642836603139,H_1:0.3869642836603139):0.5484423837806489):0.6510411553197201,G_1:1.5864478227606829):4.8524487391045685,K_1:6.438896561865251):0.0;
(K_1:1.3614157656321306,L_1:1.3614157656321306):2.3723800576634955;
H_1:0.8313096943145932;
K_1:2.181423839933554;
K_1:0.9864610240153371;
K_1:0.31921443398727023;
L_1:0.9963667630428824;
