(((A_1:0.6396641854825594,C_1:0.6396641854825595):1.7348596774575982,F_1:2.3745238629401575):0.21751528888161295,E_1:2.5920391518217705):2.8284467311937544;
(((B_1:0.7340792569684453,C_1:0.7340792569684453):0.3148641554774917,(A_1:0.8665950575432929,D_1:0.8665950575432929):0.18234835490264414):2.255690258525462,F_1:3.304633670971399):0.4326651607609002;
(D_1:0.869777579285505,(B_1:0.46569945321837536,C_1:0.46569945321837536):0.4040781260671297):0.8949214841207803;
A_1:0.24102576925492955;
C_1:0.07486266234190844;
F_1:0.6611534742129819;
F_1:0.4784548215277771;
F_1:0.38299615453582714;
