(((F_1:1.5966499503814735,E_1:1.5966499503814735):1.3622846888315556,((C_1:0.47460064861408263,(A_1:0.4481078529774498,B_1:0.4481078529774499):0.02649279563663268):0.8918566095519604,D_1:1.366457258166043):1.592477381046986):2.9916666724743473,(K_1:1.5177047639915657,L_1:1.5177047639915657):4.432896547695811):0.0;
((A_1:1.3903325028057762,B_1:1.3903325028057762):0.4212769340339816,C_1:1.811609436839758):0.7698392358588664;
D_1:1.1662369525664744;
D_1:0.6827585531336737;
D_1:0.21144672634435957;
(((I_1:0.6613145196007699,(H_1:0.5169170374341955,G_1:0.5169170374341954):0.14439748216657444):0.4206493737012928,J_1:1.0819638933020628):2.461999265473467,(L_1:1.3357971908711777,K_1:1.3357971908711777):2.2081659679043515):0.4792669252479955;
(I_1:0.5693888874026745,G_1:0.5693888874026745):1.47466995608061;
J_1:0.5475551871669682;
K_1:0.872925240273899;
K_1:0.4057194407709013;
L_1:0.37592340631697096;
