A_1:6.8555574252619245;
((B_1:0.4969791737980205,A_1:0.4969791737980204):0.39620700566342715,D_1:0.8931861794614476):0.033040737130187625;
B_1:0.23010357866183284;
