(((F_1:1.070810156447527,E_1:1.070810156447527):1.7926141727827827,(C_1:0.67675599507101,A_1:0.6767559950710099):2.1866683341592994):3.2807332971995744,(L_1:2.541624411379585,I_1:2.541624411379585):3.6025332150502996):0.0;
E_1:1.8422683032055038;
E_1:0.5974234107950427;
J_1:1.5490665145510671;
