(J_1:2.492055775272316,K_1:2.4920557752723163):4.391898578946983;
(K_1:3.5734176419768047,((I_1:0.5775461179300596,H_1:0.5775461179300596):1.6681472702968274,G_1:2.245693388226887):1.3277242537499179):0.06238279015863801;
((G_1:0.5176205573813077,I_1:0.5176205573813077):0.5906856489803338,H_1:1.1083062063616416):1.6633424463935627;
J_1:2.0272505372967813;
(J_1:1.445503120483655,((H_1:0.9424184965719519,G_1:0.9424184965719519):0.016607662279824596,I_1:0.9590261588517764):0.48647696163187854):0.037311391202519806;
J_1:1.2991117450847436;
H_1:0.9199487014834369;
G_1:0.23277991783008375;
G_1:0.15214362575374657;
I_1:0.2257105580738752;
I_1:0.018309797937478972;
J_1:0.6149989757312764;
J_1:0.5399078930331527;
J_1:0.17464654683449266;
K_1:2.1332149551714643;
(L_1:1.6392957234735652,K_1:1.6392957234735652):0.33447545099020237;
