(L_1:5.484571635333526,(E_1:1.2172061839749233,F_1:1.2172061839749233):4.267365451358604):0.0;
C_1:1.7754395782584504;
B_1:0.4654702792512721;
E_1:1.3622135832658646;
L_1:0.6534783007409;
