((J_1:1.5588002231992422,(H_1:0.2677952866685209,I_1:0.2677952866685209):1.2910049365307212):2.6463333576190395,K_1:4.2051335808182815):1.1649920231648203;
J_1:1.2094081635555443;
H_1:0.2745330920201852;
J_1:0.7396923351309419;
J_1:0.605426171293063;
J_1:0.22892445988889576;
J_1:0.07939730669181899;
