(E_1:3.0221181547445,((A_1:0.8745844212188222,D_1:0.8745844212188222):1.271853449616311,B_1:2.146437870835133):0.8756802839093673):1.7480465216356156;
(B_1:0.5217289332295074,(C_1:0.42453858587380777,A_1:0.4245385858738077):0.09719034735569966):0.1970645796842635;
C_1:0.55245578820559;
E_1:0.9469292572681114;
E_1:0.8816825292824737;
E_1:0.6156165225305021;
