(((H_1:0.9031443303036448,J_1:0.9031443303036448):0.08165026328246007,I_1:0.9847945935861049):3.7048201413026876,(G_1:3.7384791163972215,(K_1:1.5695408293244006,L_1:1.5695408293244006):2.1689382870728213):0.9511356184915706):2.6591724506165972;
J_1:0.7277642035877491;
L_1:0.5561739163378834;
L_1:0.2814190633279985;
