(((A_1:1.3779291144288077,(C_1:0.9618290250072054,B_1:0.9618290250072054):0.4161000894216025):0.13363899610244867,D_1:1.5115681105312564):2.7824500822305303,(F_1:1.352047976083291,E_1:1.352047976083291):2.9419702166784956):3.537503249551766;
D_1:0.6813191026380602;
D_1:0.22725906977380694;
(((H_1:0.6928045562136047,(I_1:0.507566682284965,G_1:0.507566682284965):0.18523787392863963):1.5609574951229266,J_1:2.2537620513365315):0.42002301989498975,L_1:2.673785071231521):0.7271787177941196;
K_1:3.301873458855199;
((I_1:0.44321799592192235,H_1:0.44321799592192235):1.3869953919760971,G_1:1.8302133878980196):1.4086489156898339;
(L_1:2.3810347903428024,K_1:2.3810347903428024):0.7985769985278433;
I_1:2.534371536585865;
(K_1:1.434611028625038,L_1:1.434611028625038):1.03041644489436;
J_1:2.1521208542619985;
I_1:1.2339567631156385;
H_1:0.5979160604954112;
H_1:0.11027245114172864;
J_1:0.36922653496008895;
L_1:1.5842003645690699;
K_1:0.6969317457967378;
L_1:0.23336902135421422;
L_1:0.03448094431231841;
