(D_1:1.2553281007256385,A_1:1.2553281007256385):4.135465603795667;
D_1:0.3128475412043091;
D_1:0.2320754411643957;
