((J_1:1.2076517394641013,(H_1:0.9750772196200467,(G_1:0.3340984469370868,I_1:0.33409844693708685):0.6409787726829599):0.23257451984405453):1.184941056011146,K_1:2.392592795475247):3.506416310831541;
(I_1:0.8252946810591731,(H_1:0.7033227785843494,G_1:0.7033227785843493):0.12197190247482374):0.2453681266266493;
G_1:0.796998818568764;
I_1:0.5682879428790358;
I_1:0.08508261575061914;
