(((G_1:1.8085976377338282,H_1:1.8085976377338282):1.1300023067298837,(L_1:1.0569907366065106,K_1:1.0569907366065106):1.8816092078572013):3.013564457875865,((D_1:1.4688595165670724,B_1:1.4688595165670724):0.0451163587604633,(C_1:0.7012400311180718,A_1:0.7012400311180718):0.812735844209464):4.438188527012041):0.0;
J_1:1.2643601496979116;
H_1:0.011482218157047502;
