((C_1:3.167866590074615,E_1:3.1678665900746155):2.8703012425991714,(((I_1:1.0768200329744546,J_1:1.0768200329744546):0.6103745563006752,(H_1:0.5903520109441847,G_1:0.5903520109441847):1.096842578330945):4.16676949142146,(K_1:1.3128419801196078,L_1:1.3128419801196078):4.541122100576983):0.18420375197719618):0.0;
((C_1:0.34425038685710735,B_1:0.34425038685710735):0.60407367359831,D_1:0.9483240604554173):0.0740514124056586;
D_1:0.5084409985988969;
E_1:0.44720865014491906;
E_1:0.2767333712959801;
(L_1:2.8536981392807763,J_1:2.853698139280776):0.15544497032315485;
H_1:0.005816238478239727;
J_1:0.44565755802149093;
