((L_1:3.586290689955034,((I_1:0.46941699961187366,G_1:0.46941699961187355):0.4375139164088213,J_1:0.906930916020695):2.679359773934339):3.2016959893670442,((F_1:1.5830423653608339,E_1:1.5830423653608339):2.421282145755825,(A_1:1.530742464301585,(B_1:1.0961198460504953,(D_1:1.0208429760960414,C_1:1.0208429760960414):0.0752768699544539):0.4346226182510897):2.4735820468150735):2.78366216820542):0.0;
D_1:1.0311214773661803;
D_1:0.31962322233364987;
(K_1:2.2310738071112537,L_1:2.2310738071112537):2.2348680049348575;
L_1:3.8765938229221746;
((L_1:1.0251670108180386,K_1:1.0251670108180386):1.311657494829582,((H_1:0.589928510704897,I_1:0.589928510704897):0.8229035852933949,J_1:1.4128320959982918):0.9239924096493287):1.023689028528585;
J_1:2.5004554566427277;
K_1:2.2331944079991466;
K_1:0.55230997971887;
K_1:0.44648469840094784;
K_1:0.366739069151777;
L_1:0.43374970905274146;
L_1:0.32044984718383307;
L_1:0.00441093957854044;
