(((E_1:1.0720999086992278,F_1:1.0720999086992278):1.5547077948179977,(C_1:0.40431506243441234,A_1:0.4043150624344123):2.2224926410828134):3.4764649646280295,(H_1:0.947376293190733,(G_1:0.6202652428241068,I_1:0.6202652428241069):0.32711105036662624):5.155896374954523):0.0;
E_1:0.8409345673685308;
E_1:0.7405948357129326;
E_1:0.2810210576419443;
(G_1:0.43765828531254425,I_1:0.4376582853125443):1.178161988011237;
((G_1:1.2377473644831194,H_1:1.2377473644831194):0.03482208107172779,J_1:1.272569445554847):0.03511118780631417;
G_1:1.1496185159296135;
G_1:0.41724316125175237;
H_1:0.11973065016926991;
