((I_1:1.2046130750996447,G_1:1.2046130750996447):0.2858052840835979,J_1:1.4904183591832425):7.4526873978206405;
K_1:3.1173646733679816;
((G_1:0.6272050920047512,H_1:0.6272050920047512):0.2863662243450989,(J_1:0.8272949804624268,I_1:0.8272949804624268):0.08627633588742335):1.4060565675062353;
(H_1:0.20372536792793197,I_1:0.20372536792793197):1.3915475349531814;
G_1:0.18541928707098415;
K_1:1.9560094990291916;
L_1:1.8572573101791607;
L_1:1.4268098960028635;
K_1:0.04966232795300751;
