((J_1:2.668124178563357,((G_1:0.38576084070576644,H_1:0.3857608407057665):0.19013992477139793,I_1:0.5759007654771644):2.092223413086193):2.653853792899002,((C_1:0.7752412954261416,(B_1:0.31990259271436433,A_1:0.3199025927143643):0.45533870271177723):0.06051799469124168,D_1:0.8357592901173833):4.486218681344976):0.0;
C_1:0.0006949451165519649;
(F_1:1.7278760826092094,E_1:1.7278760826092094):0.3879672156005185;
K_1:3.6047806683182917;
(H_1:0.48035653561486014,I_1:0.48035653561486014):0.7118072430961878;
G_1:1.1902176484761724;
J_1:1.1373225494016377;
I_1:0.35225146776407806;
H_1:0.1617950891473386;
