((((H_1:1.2283204417226308,J_1:1.2283204417226308):0.4086149158230134,G_1:1.636935357545644):3.8899269437810613,(D_1:0.8159753879228445,A_1:0.8159753879228445):4.710886913403861):0.6021513837146681,(C_1:1.2178301698918745,B_1:1.2178301698918745):4.911183515149499):0.0;
F_1:0.1922154633364468;
(K_1:3.451573344964606,I_1:3.451573344964606):1.137019465088624;
L_1:3.3262676965464895;
L_1:0.7569505794633357;
