((F_1:3.6081560612845633,((C_1:0.8682259222197357,D_1:0.8682259222197357):0.15162188308014812,(A_1:0.6829338029577464,B_1:0.6829338029577465):0.3369140023421373):2.5883082559846797):2.11425258775475,((L_1:1.0888130462386771,K_1:1.0888130462386771):1.3166397771059082,((H_1:1.1677499141175454,G_1:1.1677499141175454):0.09360552023075913,J_1:1.2613554343483044):1.1440973889962809):3.3169558256947282):0.0;
(B_1:0.5967271536689335,C_1:0.5967271536689335):0.01605724246362006;
B_1:0.011858757796589764;
F_1:0.44326727862973603;
F_1:0.025416653069296524;
((I_1:0.28087081551521864,H_1:0.28087081551521864):1.4805074497607804,(J_1:1.3337165442614074,G_1:1.3337165442614074):0.42766172101459154):3.09933612816406;
(K_1:1.3535037899245264,L_1:1.3535037899245264):3.3397651936896713;
H_1:0.5226733555213644;
I_1:0.35917709821465804;
H_1:0.21609876925462795;
I_1:0.12662787070940365;
K_1:0.6977306484395189;
K_1:0.05436384097318503;
