F_1:7.2847875115421115;
F_1:0.4962945519309784;
