((F_1:2.7901457054505108,E_1:2.7901457054505108):5.1107644215570796,(G_1:4.024577888387062,(L_1:2.495957966844348,(H_1:1.040569830223381,(J_1:1.0099558585914545,I_1:1.0099558585914545):0.030613971631926553):1.4553881366209667):1.5286199215427148):3.8763322386205283):0.0;
C_1:0.5274715904012971;
E_1:0.10635798640749705;
L_1:3.6824630038521;
