(((C_1:2.4095891075289297,F_1:2.4095891075289297):3.231043048156972,L_1:5.640632155685902):0.3666249050024009,(I_1:1.0089638695792722,(G_1:0.8710411933337732,H_1:0.8710411933337732):0.13792267624549903):4.99829319110903):0.0;
(F_1:1.512923364500186,E_1:1.512923364500186):3.487472201132575;
((F_1:2.5855183207685655,E_1:2.5855183207685655):0.07292346577266319,((B_1:0.5888516335051253,A_1:0.5888516335051251):0.8412521307160091,D_1:1.4301037642211343):1.2283380223200946):0.8041585389672954;
(D_1:1.3344857660880642,(B_1:1.2515897874750954,A_1:1.2515897874750954):0.08289597861296873):1.8773756107469992;
(B_1:0.35484361812403237,C_1:0.35484361812403237):0.9310689700936657;
(C_1:1.0775142289963955,(A_1:0.37580231031829525,B_1:0.3758023103182953):0.7017119186781002):0.1668050425255818;
C_1:1.0435872337132248;
((C_1:0.40099571501019154,A_1:0.4009957150101915):0.439146279285035,D_1:0.8401419942952265):0.17385338965330077;
C_1:0.6603545685469225;
B_1:0.6018767349080631;
B_1:0.44152569901495675;
A_1:0.15684872492882151;
C_1:0.20331973768775558;
B_1:0.159874628897259;
D_1:0.741181800895048;
D_1:0.08972582662237072;
E_1:1.5556101125915587;
E_1:0.09138053965367954;
L_1:2.458641737661062;
((H_1:0.290208189038054,I_1:0.290208189038054):0.242518916992032,G_1:0.532727106030086):0.2426878357834108;
