(C_1:2.4145815249690177,(A_1:2.341915764731272,E_1:2.341915764731272):0.07266576023774587):3.6944868776040978;
E_1:0.7514232945206158;
E_1:0.3999232856298329;
E_1:0.2028015076190265;
