((K_1:2.949937212897961,((G_1:1.146267747344821,H_1:1.146267747344821):0.6884996359055441,(I_1:1.7624086453065368,J_1:1.7624086453065368):0.07235873794382845):1.1151698296475956):3.093399070566016,(E_1:1.5290564360829912,F_1:1.5290564360829912):4.514279847380985):0.0;
(((B_1:1.0209804668989741,C_1:1.0209804668989741):0.780209240173952,(D_1:1.3936690145995774,A_1:1.3936690145995774):0.40752069247334866):0.6860009338030695,(E_1:1.39644479234952,F_1:1.39644479234952):1.0907458485264754):0.17379894466790002;
A_1:1.5871111898022678;
B_1:0.5686283769860276;
(E_1:1.4283883901478556,F_1:1.4283883901478556):0.6534340136051371;
F_1:0.7394408446149509;
I_1:0.14920430997939504;
J_1:0.28136833154479013;
J_1:0.24343627492986053;
K_1:0.7996551147619042;
