L_1:5.859260091620781;
(L_1:1.0208889061727946,K_1:1.0208889061727946):3.803170911544334;
((G_1:0.4811347927877788,I_1:0.4811347927877788):0.3718814847380699,J_1:0.8530162775258487):1.1844018263962646;
H_1:2.007994500823468;
H_1:1.962096927384791;
H_1:0.20233996643992036;
K_1:0.6956301492153876;
K_1:0.5557665917698669;
K_1:0.19294441763093384;
