(F_1:2.864391749398823,((A_1:0.34351516533756526,C_1:0.3435151653375653):0.8656933508475104,(B_1:0.9806899094121776,D_1:0.9806899094121776):0.2285186067728982):1.655183233213747):3.042576269864162;
C_1:0.13089469758830785;
F_1:0.45360896223214875;
