(L_1:1.333250182235126,K_1:1.333250182235126):4.395377029825696;
K_1:2.0244715055624924;
K_1:0.8464669799930945;
L_1:0.6520727969765496;
L_1:0.1748620357771432;
L_1:0.07172395977795332;
