(((H_1:0.4710216974893884,I_1:0.4710216974893884):2.79695900103039,(G_1:0.8086461274625375,J_1:0.8086461274625376):2.459334571057241):2.293677852059165,(C_1:3.1599863731028734,(A_1:1.5584052069604584,B_1:1.5584052069604584):1.6015811661424149):2.4016721774760708):0.0;
A_1:0.19683417467838116;
D_1:0.7816551136173522;
D_1:0.2595803011886516;
D_1:0.11291782080088508;
K_1:2.5587094884037036;
