(H_1:1.8763672634882154,(J_1:0.9573148533177607,I_1:0.9573148533177607):0.9190524101704548):4.428832167638706;
(((I_1:0.8410647749813052,(H_1:0.3746926003222225,G_1:0.37469260032222246):0.46637217465908265):0.8240514512610033,J_1:1.6651162262423085):1.5781754557712795,(L_1:1.1525726875770248,K_1:1.1525726875770248):2.090718994436563):0.5461770133693586;
(L_1:2.5341562148915777,(J_1:1.759622932876135,G_1:1.759622932876135):0.7745332820154425):0.055589178530902394;
G_1:0.24206468004138482;
H_1:0.16810180359820834;
J_1:0.02112353049130633;
J_1:0.010648548233233579;
(L_1:1.0332189735789568,K_1:1.0332189735789568):0.45157971080718795;
K_1:0.07780397312168574;
L_1:0.24344274900610363;
