L_1:6.183483669518337;
G_1:3.462535407723756;
G_1:0.19182729174928909;
