((C_1:1.6907065342837606,A_1:1.6907065342837606):0.8867665362304958,(F_1:2.5372773010941714,B_1:2.5372773010941714):0.040195769420085105):3.3279010572818306;
A_1:0.03054602488395075;
E_1:1.228246895850577;
F_1:0.858173424974006;
F_1:0.31462077725496795;
