(((E_1:2.3520456831195578,(C_1:1.708553568508357,(A_1:1.472723719045632,(D_1:1.2517732007745377,B_1:1.2517732007745377):0.22095051827109422):0.23582984946272512):0.643492114611201):0.24747750160220494,F_1:2.599523184721763):3.2244367903676463,(H_1:1.266666371741769,J_1:1.266666371741769):4.55729360334764):0.0;
(F_1:3.2709195015559507,(B_1:0.8856986007648471,C_1:0.8856986007648471):2.385220900791104):0.6465067909627229;
(F_1:2.8510075853734884,(C_1:1.2981911584578645,((B_1:0.8210852189415052,D_1:0.8210852189415052):0.2863326812536416,A_1:1.1074179001951467):0.19077325826271777):1.552816426915624):0.02882442539681085;
((B_1:0.3114513746047597,A_1:0.31145137460475963):0.0906341592061416,C_1:0.4020855338109013):0.1312279415824329;
A_1:0.1091402212858181;
D_1:0.7919893148178453;
D_1:0.42112973013104915;
D_1:0.3773892577792052;
D_1:0.37714618945571216;
D_1:0.20778903900207257;
F_1:0.6010937822208924;
(K_1:2.949557076638071,((H_1:0.7874549311572923,G_1:0.7874549311572923):1.0641940290023786,(I_1:0.8492273308222217,J_1:0.8492273308222217):1.0024216293374493):1.0979081164784001):1.8334405284372821;
L_1:3.1693219311818996;
L_1:2.8846931879528603;
K_1:0.526247086286588;
L_1:0.9849483196469954;
