(((L_1:1.5748345776483976,K_1:1.5748345776483976):2.220615691272084,(H_1:0.33144774754721895,G_1:0.3314477475472189):3.464002521373263):5.05571134732495,(E_1:2.3506499270499606,((C_1:0.26675843218969075,B_1:0.26675843218969075):0.7743728097397278,D_1:1.0411312419294185):1.3095186851205425):6.500511689195472):0.0;
E_1:0.6165716472925196;
(H_1:0.8395975136079981,(G_1:0.6440191021595381,I_1:0.6440191021595381):0.19557841144845997):3.207718182019427;
G_1:0.4803968570715386;
G_1:0.2943052312962573;
G_1:0.17103010662630203;
