(L_1:7.147954251150177,(B_1:3.000622623893806,(E_1:1.9147577820445374,F_1:1.9147577820445374):1.085864841849268):4.147331627256371):0.0;
E_1:2.481862852841914;
C_1:0.2676938839652675;
E_1:2.243310095144359;
F_1:1.1667667696373822;
F_1:0.7050611328943888;
