(((J_1:0.8306665546836486,I_1:0.8306665546836486):2.342606164638812,K_1:3.1732727193224606):5.624609651567733,(((B_1:0.4439130641895882,C_1:0.4439130641895882):2.004055617026212,F_1:2.4479686812158):0.5093379997614178,E_1:2.957306680977218):5.840575689912976):0.0;
E_1:1.7572302714430308;
(((H_1:0.93672027124918,(G_1:0.3515628358069132,I_1:0.3515628358069133):0.5851574354422667):1.09600436976238,J_1:2.0327246410115603):0.8253504574904087,L_1:2.8580750985019687):0.9492828361860699;
G_1:0.3073947192751163;
K_1:2.1872017665174317;
K_1:0.3859109234017365;
L_1:0.819473720476011;
L_1:0.7576012184201013;
