(((B_1:0.8245282935424302,(C_1:0.6376174885014023,A_1:0.6376174885014023):0.18691080504102786):2.9416661307103054,E_1:3.7661944242527357):0.4331035384584582,F_1:4.199297962711194):1.3201682993268522;
(F_1:1.6294420271757053,E_1:1.6294420271757053):1.5319702858771533;
E_1:2.9979097253824905;
A_1:2.0051966167993474;
A_1:0.017534108029227946;
E_1:1.5350795978543679;
E_1:0.2878541915351688;
