(K_1:6.594647688474528,((J_1:0.9265225861868641,H_1:0.9265225861868641):0.14979708312627224,G_1:1.0763196693131363):5.518328019161392):0.05607473678980217;
G_1:0.0029034988505394765;
J_1:0.3693983857937871;
J_1:0.255167251112265;
