((G_1:0.6742172167817971,(H_1:0.3128166688935495,I_1:0.3128166688935495):0.3614005478882477):1.936465462614783,K_1:2.61068267939658):3.5605642349256836;
K_1:3.170498768278923;
H_1:1.6134642706896636;
