K_1:6.338483308730846;
K_1:0.38454954760730753;
