B_1:2.199517424329879;
C_1:0.5016656762610722;
