(B_1:1.7873928760161615,C_1:1.7873928760161615):0.0021579099954576308;
B_1:0.9038595725403025;
C_1:1.4210804522812301;
