(A_1:2.282416164699011,B_1:2.282416164699011):0.0;
A_1:1.0959983450506117;
A_1:0.07255460222163124;
