((C_1:1.7538480187719834,B_1:1.7538480187719834):0.7362008782042346,A_1:2.490048896976218):0.0;
A_1:1.2801790114984049;
A_1:1.2196259446264073;
A_1:1.0163986193444465;
