((B_1:1.8004045864299527,C_1:1.8004045864299527):2.498976615666004,A_1:4.299381202095956):0.0;
A_1:0.8157787305962345;
A_1:0.6081298770744756;
A_1:0.05391264261245654;
C_1:0.6755818462579849;
