((B_1:1.836198429791837,C_1:1.836198429791837):0.7569473788900442,A_1:2.5931458086818813):0.0;
A_1:1.0625069005861303;
A_1:0.1338259311259371;
