(A_1:2.909359013857869,B_1:2.909359013857869):0.0;
B_1:0.33961626827125846;
B_1:0.12111221913446268;
