A_1:2.896019851082647;
A_1:0.7382421370260711;
A_1:0.3376466652426604;
C_1:0.9291014973576627;
C_1:0.67547319146953;
C_1:0.17958102826553257;
