(B_1:1.5523917090795556,C_1:1.5523917090795556):2.5778723936972225;
C_1:1.4291686505119459;
C_1:0.8923607356850008;
C_1:0.551575436383601;
