A_1:4.335704543432496;
A_1:0.9696569990860352;
