(A_1:3.327022284965791,C_1:3.327022284965791):0.0;
A_1:0.5811890815315154;
A_1:0.1542563478033041;
