(C_1:2.591594095797095,(A_1:1.9639516806224253,B_1:1.9639516806224253):0.6276424151746695):0.0;
C_1:1.422082748792581;
C_1:0.7911196390135938;
C_1:0.7091817342431854;
C_1:0.4812786935594042;
