(B_1:2.6837238775442,C_1:2.6837238775442):0.0;
B_1:0.5699040622448501;
C_1:0.2994675790982062;
