C_1:2.3267186831829765;
A_1:0.9786716035990729;
A_1:0.5518889486449714;
A_1:0.10887664188473112;
