(A_1:2.977106761047416,B_1:2.977106761047416):0.0;
A_1:1.4498230620503363;
A_1:0.46236519034457935;
A_1:0.14575651827980707;
A_1:0.13545653125235613;
