(A_1:2.0069710387083033,(C_1:1.6699275111570815,B_1:1.6699275111570815):0.3370435275512216):0.0;
A_1:0.7502036047999592;
A_1:0.08202240920805304;
B_1:1.2625679031000148;
B_1:0.4363521523788545;
C_1:0.8760515881259846;
C_1:0.29949763801890095;
