A_1:5.389039876003995;
A_1:0.227848925223205;
