C_1:4.958517396153761;
C_1:0.5793546709405298;
