A_1:4.54658854369171;
A_1:1.1891379179472976;
A_1:1.1109941053834222;
