(C_1:1.9582258546722242,B_1:1.9582258546722242):1.6899571958736321;
B_1:0.7442617038297518;
B_1:0.7268936311745495;
C_1:0.3617797353018981;
