B_1:1.8420844053402616;
A_1:1.142639083821452;
A_1:0.6464795990034008;
A_1:0.0699158626891958;
