B_1:2.432964898994261;
B_1:0.3638227101348237;
