(C_1:1.8976204913563057,(B_1:1.8876275419663506,A_1:1.8876275419663506):0.009992949389955133):0.0;
C_1:0.7843050109849418;
C_1:0.5634390453952673;
