(C_1:2.432394531487403,(B_1:1.9854179176931395,A_1:1.9854179176931395):0.4469766137942634):0.0;
C_1:1.3834743327128023;
C_1:0.5258143060601927;
C_1:0.27849273745039804;
