(A_1:4.57319082287742,(B_1:1.5155827720031452,C_1:1.5155827720031452):3.057608050874275):0.0;
B_1:0.28121005750786154;
B_1:0.13237391346159;
