C_1:6.533135357078427;
B_1:0.9026592329754056;
