(C_1:2.1302935554792177,A_1:2.1302935554792177):0.0;
A_1:0.8733393698539778;
A_1:0.7823871946532881;
A_1:0.7363557452004015;
A_1:0.5664917295717141;
