(C_1:3.459724194524954,(B_1:2.9988154860107565,A_1:2.9988154860107565):0.4609087085141974):0.0;
A_1:1.0499004581480835;
A_1:0.5423864389827455;
A_1:0.13804858042712453;
