B_1:1.804185408505138;
A_1:1.0169613109816233;
B_1:1.2898048408139737;
B_1:1.090804363911561;
B_1:0.6336399617650703;
B_1:0.009430811952859885;
