(A_1:4.5446247308844665,B_1:4.5446247308844665):0.0;
A_1:1.4538884040100348;
A_1:0.3518206303627156;
B_1:0.054978969617544005;
