A_1:4.390446244777189;
A_1:0.15421002195919642;
