(A_1:1.8489454864869823,C_1:1.8489454864869823):1.0034122035595425;
C_1:0.9122107285616975;
C_1:0.12177404316024787;
