B_1:4.562544565973916;
A_1:1.0819143402746907;
B_1:0.4803603732544144;
B_1:0.21453754256101898;
C_1:0.3473580860941614;
