(C_1:1.8822001931818675,B_1:1.8822001931818675):1.4370865038026048;
B_1:0.016281924158717986;
C_1:1.3805988428271425;
C_1:1.053942389197437;
C_1:0.39422686118491646;
