(A_1:2.0698938670567926,C_1:2.0698938670567926):0.0;
A_1:0.48016153460247635;
A_1:0.32800157961116416;
A_1:0.2829301416582932;
A_1:0.029065549818721115;
C_1:0.8522243802210167;
