B_1:3.6491219615872716;
A_1:0.6698520266187094;
C_1:0.9381221653831353;
