(A_1:3.57300746635386,C_1:3.57300746635386):0.0;
A_1:0.44462866579421867;
C_1:1.171530070601413;
C_1:0.08863436431299476;
