((C_1:1.9268702324379685,A_1:1.9268702324379685):1.265860742675315,B_1:3.1927309751132835):0.0;
A_1:0.6663336755275487;
B_1:0.3032136938395822;
C_1:0.05902474019314652;
