((B_1:1.6971701166796878,A_1:1.6971701166796878):1.8927201267160958,C_1:3.5898902433957836):0.0;
A_1:1.4463201987719125;
B_1:0.6285873172871105;
B_1:0.06447019260748132;
