(B_1:1.9048288935189315,(A_1:1.7375477314087453,C_1:1.7375477314087453):0.16728116211018623):0.0;
A_1:1.2132471308789199;
A_1:0.24005886768674145;
A_1:0.04499181535312324;
C_1:0.2180894587695903;
