A_1:3.8741480027512125;
B_1:1.181373459712237;
