C_1:2.623063271435244;
C_1:1.4823850757675696;
