(C_1:4.721649187930767,(A_1:2.188759938388839,B_1:2.188759938388839):2.532889249541928):0.0;
B_1:0.08587925740071234;
B_1:0.0053778041395464715;
