(C_1:1.5839811663486911,A_1:1.5839811663486911):0.33077882547110077;
A_1:0.44360625548783594;
C_1:1.4575194881053373;
