(A_1:5.231328106513044,(C_1:2.043863346975074,B_1:2.043863346975074):3.18746475953797):0.0;
B_1:0.29562085179241215;
C_1:0.02386846842149426;
