(B_1:2.3636249293565887,(C_1:1.926795440833555,A_1:1.926795440833555):0.4368294885230335):0.0;
B_1:1.1413481183527725;
B_1:0.9120901220384824;
