(C_1:2.4429758696988904,B_1:2.4429758696988904):0.0;
A_1:1.222468451143277;
A_1:1.0453794790620516;
A_1:0.016093180721801215;
