A_1:2.471982130041321;
A_1:0.6632794219029768;
