A_1:2.1174424080285457;
C_1:1.4403577527920781;
C_1:0.728873112930134;
