(C_1:2.1458916773296215,B_1:2.1458916773296215):0.0;
B_1:1.113254517047236;
B_1:0.9610974067980693;
