(A_1:1.6189554477894201,C_1:1.6189554477894201):1.8317054951312255;
A_1:0.6934671122609951;
A_1:0.5902112614048831;
A_1:0.022976836780587817;
C_1:1.0337033884161027;
C_1:0.6923093151922959;
C_1:0.43595867373339536;
