((C_1:1.774902900497216,B_1:1.774902900497216):0.918872334402884,A_1:2.6937752349001):0.0;
A_1:0.45505072653510203;
B_1:1.1665822428244255;
B_1:0.0944206224111559;
