C_1:3.6419548662194416;
C_1:0.5390556257186463;
C_1:0.2891445536958859;
