B_1:1.9572907925110683;
C_1:1.268897817187407;
