(A_1:1.7643902545722343,C_1:1.7643902545722343):0.09082554399104596;
C_1:1.4965204692172172;
C_1:0.39008045506906397;
