C_1:5.092776103048604;
B_1:1.0059214498546691;
B_1:0.03405741192276657;
