(A_1:1.9794626568995475,B_1:1.9794626568995475):3.02593327535044;
A_1:0.7595164040661188;
B_1:0.5956601564800299;
