C_1:2.8243640284713094;
C_1:1.4612646794913275;
C_1:0.5077754715389673;
