((C_1:1.5786752086826759,B_1:1.5786752086826759):2.0518503494315494,A_1:3.6305255581142255):0.0;
A_1:1.2369997337639045;
A_1:0.8390874358925786;
