(C_1:1.7664130394951467,B_1:1.7664130394951467):0.0;
B_1:0.8452494371481564;
B_1:0.27332813116802757;
