C_1:4.7977905230368485;
C_1:0.34642255106487774;
