B_1:2.5326108669786995;
B_1:1.4751147321881692;
B_1:0.9222486857992581;
B_1:0.3224799725515404;
