(C_1:3.261774537899788,A_1:3.261774537899788):0.0;
A_1:0.4186167549003532;
A_1:0.3966815522598517;
A_1:0.15584507717949103;
A_1:0.06996135908423828;
C_1:0.7465262486801847;
