(F_1:3.6416155931587353,A_1:3.641615593158735):0.0;
((B_1:0.45497684351116074,A_1:0.45497684351116074):0.8287845325198671,C_1:1.2837613760310278):0.06379596830774892;
B_1:1.1984743532049174;
(C_1:0.25286773468889945,B_1:0.25286773468889945):0.5801705483486712;
C_1:0.550461902778421;
A_1:0.43105042110349434;
A_1:0.2531661987329273;
C_1:0.2848801112620505;
B_1:0.2248711254996163;
B_1:0.16400359897212816;
B_1:0.03950395706077997;
