F_1:3.6712824573246587;
A_1:1.6255118600410308;
(E_1:1.136105787231113,F_1:1.136105787231113):0.4543676299353787;
F_1:1.0745260231630651;
E_1:0.6990885963020843;
F_1:0.8469456710134831;
F_1:0.845295708382391;
F_1:0.49309876242250306;
F_1:0.48287030476399384;
F_1:0.283102068112178;
