((F_1:1.301311256689366,E_1:1.301311256689366):1.7715777067315763,(((A_1:1.0872799831572646,C_1:1.0872799831572646):0.050924912455986494,B_1:1.138204895613251):0.5746607091598083,D_1:1.7128656047730595):1.3600233586478834):0.0;
((A_1:0.48387092724873293,(B_1:0.3082840488937076,C_1:0.3082840488937076):0.17558687835502543):0.3592092419100392,D_1:0.8430801691587723):0.34292336695433323;
B_1:0.10260366411369083;
D_1:0.5576042898288882;
D_1:0.12037562371124721;
E_1:1.5557724242169295;
