((E_1:2.2935300035917363,F_1:2.2935300035917363):0.29316652773415447,((A_1:0.6119281318878154,C_1:0.6119281318878155):1.464988120207404,D_1:2.0769162520952196):0.5097802792306716):0.0;
(D_1:1.1737715290627193,(B_1:0.5864881059212339,(A_1:0.3014367990431997,C_1:0.30143679904319975):0.2850513068780342):0.5872834231414854):1.0917719886041146;
((B_1:0.7315877981073606,C_1:0.7315877981073606):0.02631310910866262,A_1:0.7579009072160232):0.739202836459341;
A_1:0.03896608832298287;
E_1:0.7449779781916399;
E_1:0.5074394978939574;
E_1:0.34444013658132167;
E_1:0.09099982008331886;
