(((D_1:1.1814399700678047,B_1:1.1814399700678047):0.05079666288022214,(C_1:0.6731068318464462,A_1:0.6731068318464462):0.5591298011015806):1.5994149179921962,(E_1:1.2295385760582311,F_1:1.2295385760582311):1.6021129748819918):0.0;
C_1:0.21508188672676334;
D_1:0.413745572815482;
