(E_1:5.914114066406938,((B_1:1.1619354019871868,C_1:1.1619354019871868):1.0035754794608938,(A_1:1.1153361377096007,D_1:1.1153361377096007):1.0501747437384799):3.7486031849588572):0.0;
D_1:1.8292404256271275;
E_1:0.8770000234954013;
E_1:0.27863573874753433;
