((C_1:0.39022036523026615,B_1:0.39022036523026615):1.2238976160615036,A_1:1.6141179812917694):2.213658135877454;
(E_1:1.324395037540995,F_1:1.324395037540995):0.36444810073537437;
F_1:0.8560556188838001;
F_1:0.7459546064507223;
F_1:0.6175213786369684;
