((C_1:2.883603398338046,E_1:2.883603398338046):0.1907518164552485,(A_1:0.4242467961034848,B_1:0.42424679610348487):2.6501084186898103):3.5220307350119495;
C_1:0.6808731545350437;
F_1:2.1767687360357226;
(E_1:1.0986473431669328,F_1:1.0986473431669328):0.1294211853859133;
E_1:0.6732317825864567;
