((F_1:1.2701305141909067,E_1:1.2701305141909067):1.8195389416181809,(A_1:1.1901250638839271,((C_1:0.9005484727180909,D_1:0.9005484727180909):0.08587411887350943,B_1:0.9864225915916003):0.20370247229232688):1.8995443919251604):0.0;
C_1:0.8544759903151207;
D_1:0.6259851944418816;
E_1:0.6993236590570038;
F_1:0.46292799346866265;
