D_1:3.2098595893188246;
C_1:2.054160136669773;
