E_1:3.195993241380152;
B_1:0.5801123140497968;
F_1:1.5192598894713878;
