(((B_1:0.37609778023864904,C_1:0.37609778023864904):2.7902603388999134,D_1:3.166358119138563):1.1319690578199235,(F_1:1.0307579440768493,E_1:1.0307579440768493):3.2675692328816366):0.0;
E_1:1.8483263598761392;
F_1:0.2874074759444134;
