(B_1:3.5445148829072104,(E_1:3.331823381323425,(A_1:0.9441828352133992,D_1:0.9441828352133992):2.387640546110026):0.21269150158378558):0.0;
A_1:0.6294906336101338;
E_1:1.5535377212235812;
E_1:0.08934108420287712;
