((C_1:1.2968075099988872,(D_1:1.1954079247403908,(A_1:0.6598148265043917,B_1:0.6598148265043917):0.535593098235999):0.10139958525849642):3.9502197099772096,(E_1:1.7793870697790575,F_1:1.7793870697790575):3.4676401501970395):0.0;
C_1:0.9911372545536772;
D_1:0.8638607790671549;
(B_1:0.7384585339153111,C_1:0.7384585339153111):0.08405308854042537;
A_1:0.5673685245109259;
E_1:0.578219120506476;
F_1:0.8808415348557297;
