(D_1:3.0398435273897078,((C_1:0.8099823738297464,(B_1:0.3710462577996662,A_1:0.37104625779966616):0.4389361160300802):2.1201167657788265,F_1:2.930099139608573):0.10974438778113496):0.0;
E_1:1.3177302172793413;
E_1:0.505530155095725;
F_1:0.7339086910279874;
