(((B_1:0.38172620554570186,C_1:0.38172620554570186):2.1904772353543716,A_1:2.5722034409000734):0.45016936928879464,E_1:3.022372810188868):0.0;
A_1:0.08388131764855347;
C_1:0.1513842410249107;
D_1:0.7748789772137274;
