(E_1:1.3815538945903205,F_1:1.3815538945903205):3.084075776386754;
E_1:0.5483477079924111;
F_1:0.650994908174282;
