(C_1:3.7226772065255873,(A_1:0.9856376380935113,B_1:0.9856376380935113):2.7370395684320763):0.0;
C_1:2.0202316712159423;
D_1:0.8021298541786572;
