(((A_1:0.35611239217769336,C_1:0.3561123921776934):0.9506151276057866,(D_1:1.154737961231376,B_1:1.154737961231376):0.15198955855210403):1.7397929990839955,E_1:3.0465205188674753):0.0;
C_1:1.2169312952029683;
B_1:0.932811709236109;
