((B_1:0.7938923819269659,A_1:0.7938923819269659):0.3640747670982104,D_1:1.1579671490251764):1.77668054494319;
D_1:0.5558045311130129;
F_1:0.3160888598595295;
