(E_1:6.874126585443749,((A_1:0.5833664976127795,(B_1:0.24175639266649085,C_1:0.24175639266649085):0.34161010494628863):0.8856845558081787,D_1:1.4690510534209582):5.405075532022791):0.0;
C_1:0.6845541937161816;
C_1:0.4939442197868799;
C_1:0.07078767010696135;
D_1:0.4791985466120895;
