(F_1:2.9773842201363405,((D_1:1.150194518973521,C_1:1.150194518973521):0.19340061351068816,A_1:1.343595132484209):1.6337890876521313):0.0;
F_1:1.2979144601862158;
E_1:0.8703972848697252;
