E_1:2.27670910877547;
E_1:1.5774880394255528;
