(E_1:4.338350975799085,(((A_1:0.5044396118425256,B_1:0.5044396118425257):0.40994442231971834,(D_1:0.8402724238566457,C_1:0.8402724238566457):0.07411161030559837):3.145735536273163,F_1:4.060119570435407):0.2782314053636789):0.0;
C_1:0.13743081432377524;
D_1:0.15860938709061023;
E_1:1.7579026747928896;
F_1:1.4083764828801746;
(E_1:1.2652944642283916,F_1:1.2652944642283916):0.050951250439450035;
E_1:0.49324865212442537;
