(C_1:1.4080107521665928,(D_1:0.8267819775080752,(A_1:0.46158890028284805,B_1:0.46158890028284805):0.3651930772252272):0.5812287746585175):3.5104645863404893;
(F_1:1.4315586067036956,E_1:1.4315586067036956):0.09149696030115662;
F_1:1.505630192969726;
F_1:0.5802052904876474;
F_1:0.3146743633778445;
F_1:0.012310414785180468;
