(((A_1:0.8410834581080364,C_1:0.8410834581080365):1.2171408474029797,D_1:2.058224305511016):0.2612083070150759,E_1:2.319432612526092):0.0;
E_1:1.6597599251511332;
E_1:0.5043123161519958;
E_1:0.3815403647310782;
