(D_1:1.1993098680404226,(C_1:0.7007046858792771,B_1:0.7007046858792771):0.4986051821611455):1.467800036494301;
(D_1:0.9111562175571619,A_1:0.9111562175571619):0.2534815403102544;
(A_1:0.3374345414922507,(B_1:0.32276301615626957,C_1:0.32276301615626957):0.014671525335981227):0.5444170967987744;
A_1:0.3949000280284022;
C_1:0.21644425852284768;
D_1:0.4639753052217214;
F_1:1.6535779031331088;
E_1:0.4830698109079501;
