((B_1:0.361395982775746,C_1:0.361395982775746):0.2144458075338028,A_1:0.5758417903095487):2.3440166792908492;
F_1:1.3241968367579915;
F_1:0.16915143077325845;
