((B_1:0.36494365934921585,C_1:0.36494365934921585):3.342854294842985,(F_1:3.072648420890954,(D_1:0.9449575056517231,A_1:0.9449575056517231):2.1276909152392314):0.6351495333012466):0.0;
F_1:0.6308176206721736;
F_1:0.39869501584195044;
