((B_1:1.0243137396044604,(C_1:0.8150644614056861,D_1:0.8150644614056861):0.20924927819877434):4.359021124670121,(E_1:1.846546347365067,F_1:1.846546347365067):3.536788516909514):0.0;
D_1:1.9741295923136624;
D_1:1.8059744919607992;
D_1:0.3988054088397115;
E_1:0.7058070690737828;
