(B_1:1.945315719592599,(A_1:0.7029244674309361,C_1:0.7029244674309361):1.2423912521616627):2.2332933437368485;
F_1:0.784959522320218;
F_1:0.62509243766831;
