(E_1:2.433772095291441,((A_1:0.6281249896937069,C_1:0.6281249896937069):1.6894272472610976,D_1:2.3175522369548047):0.11621985833663663):0.6365559312838217;
D_1:0.455334451038038;
E_1:0.03007731170735084;
