(E_1:1.4491747879444064,F_1:1.4491747879444064):1.4339527818591842;
F_1:0.5668712279478518;
F_1:0.1501403254798509;
