((B_1:1.340612409843232,D_1:1.340612409843232):0.7908538805655192,A_1:2.131466290408751):0.9738134953739251;
B_1:0.09582922855058003;
B_1:0.039365817821182564;
