(F_1:2.9400047112916345,(B_1:0.23388522574348322,C_1:0.23388522574348322):2.706119485548151):0.0;
(F_1:1.1263553381401856,E_1:1.1263553381401856):0.5520346051795204;
E_1:1.6155752883973276;
F_1:1.3934954590505262;
E_1:0.5534520911363887;
