((A_1:0.90172842169526,D_1:0.90172842169526):1.7080490493211298,F_1:2.6097774710163897):0.0;
E_1:2.2741513246020086;
F_1:1.4025861372417414;
