((((B_1:0.4045331106653621,A_1:0.404533110665362):1.7451682236061334,C_1:2.1497013342714952):0.785689154998177,D_1:2.9353904892696723):3.39081669075286,F_1:6.326207180022532):0.0;
A_1:0.1574957444383826;
B_1:0.15970847982737302;
