(((B_1:1.6165548221455601,D_1:1.6165548221455601):0.19719950527391786,(A_1:0.32049845817063977,C_1:0.3204984581706398):1.4932558692488382):1.101051209755481,E_1:2.914805537174959):0.0;
D_1:0.7438877924244323;
F_1:2.172748278661753;
F_1:1.256549684920693;
F_1:0.3434108874639351;
