((E_1:1.1926308062373736,F_1:1.1926308062373736):3.2053019539061967,((D_1:1.0582964182997538,C_1:1.0582964182997538):0.44866816708764373,(A_1:0.3092874693840475,B_1:0.30928746938404755):1.1976771160033501):2.890968174756172):0.0;
A_1:1.7852388154988788;
(((C_1:0.4920407106411221,A_1:0.4920407106411221):0.2584710018748577,B_1:0.7505117125159798):0.05974526264104142,D_1:0.8102569751570212):0.8365040729025526;
D_1:1.4315404680799912;
(A_1:1.0051609198425702,B_1:1.0051609198425702):0.4174118934213258;
D_1:1.2756436145593106;
D_1:0.5971403473051011;
E_1:1.8445128248084965;
F_1:1.1212060414471787;
