(C_1:5.223399293019568,(F_1:1.8631205117807215,E_1:1.8631205117807215):3.3602787812388466):0.0;
C_1:0.4338806046880615;
E_1:0.719841710002161;
F_1:0.08015366908691868;
