((D_1:0.8196540412049051,A_1:0.8196540412049051):2.740787920431095,((B_1:1.2111018459593534,C_1:1.2111018459593534):1.3088011360967755,(F_1:1.4350079857494202,E_1:1.4350079857494202):1.0848949963067085):1.040538979579871):0.0;
F_1:0.6312597621435496;
F_1:0.5179085521120831;
F_1:0.14850903687461203;
