(E_1:2.463637677684524,B_1:2.463637677684524):1.3953236643163975;
A_1:0.7572782163997582;
B_1:0.13967902175616517;
