((C_1:0.6868399299601103,(A_1:0.5881174336624144,B_1:0.5881174336624145):0.09872249629769585):2.0845280839707914,(E_1:1.0859555416121893,F_1:1.0859555416121893):1.6854124723187123):0.0;
E_1:0.41819253230576126;
F_1:0.6108461893374486;
