(((D_1:1.176815494207705,C_1:1.176815494207705):1.2476413814729015,(E_1:1.0791541269116605,F_1:1.0791541269116605):1.3453027487689457):0.8319281183894965,A_1:3.256384994070103):0.0;
F_1:1.400207237176013;
(E_1:1.0039866222846014,F_1:1.0039866222846014):0.2154710596098457;
E_1:0.6651222109436752;
E_1:0.21983550679302888;
F_1:0.37158199156078153;
