((E_1:1.7273948686597855,F_1:1.7273948686597855):1.0579671054397837,((A_1:0.7308553760068457,B_1:0.7308553760068457):0.33691331693547744,C_1:1.0677686929423231):1.7175932811572463):0.0;
(((A_1:0.6423598312477983,C_1:0.6423598312477983):0.2800720568388857,D_1:0.922431888086684):0.06692127672847245,B_1:0.9893531648151564):0.28945611578987374;
C_1:0.44603739507645845;
E_1:0.7172449138015329;
E_1:0.1814913714463462;
E_1:0.1596678460126989;
