((D_1:1.1705966031583062,((B_1:0.32269313848565884,C_1:0.32269313848565884):0.21163276109592,A_1:0.5343258995815787):0.6362707035767274):2.14597406134665,F_1:3.316570664504956):0.0;
E_1:1.3825489089103682;
F_1:1.1227357642247962;
E_1:0.3034659785124808;
F_1:0.5288781467989012;
F_1:0.3683410746088098;
