((C_1:0.6456932913983175,A_1:0.6456932913983174):2.325098639573739,(F_1:1.373367809219115,E_1:1.373367809219115):1.5974241217529417):0.0;
(B_1:0.5776742317596064,C_1:0.5776742317596064):0.12396291970902662;
B_1:0.27612778834824725;
B_1:0.16789959274902116;
C_1:0.08387046172768182;
F_1:0.4005601323317678;
