(D_1:1.084433515118163,(C_1:0.26605045230419794,B_1:0.26605045230419794):0.8183830628139651):4.318960948417491;
B_1:0.03672540156277049;
C_1:0.07982242605617423;
