(F_1:4.243480416468696,(((C_1:0.7333386035836746,B_1:0.7333386035836746):0.2673900628423218,D_1:1.0007286664259964):1.1983529470514298,A_1:2.1990816134774263):2.0443988029912696):0.0;
B_1:0.14095683952738344;
D_1:0.4397297475289546;
