E_1:3.2761515870540823;
E_1:0.657327270671637;
