(((B_1:1.0182750421235385,(A_1:0.30213900974567026,C_1:0.3021390097456703):0.7161360323778682):0.5538020748905234,D_1:1.5720771170140617):0.7377522126362063,E_1:2.309829329650268):0.0;
A_1:0.2413437029695961;
A_1:0.12708989515481156;
