((D_1:1.0208904394874059,(C_1:0.7788446632468476,(A_1:0.5349941038140633,B_1:0.5349941038140634):0.24385055943278425):0.2420457762405582):1.4367172738716671,E_1:2.457607713359073):0.0;
F_1:1.9285835852712805;
E_1:1.0047872374838043;
E_1:0.722784914646647;
E_1:0.586445186285102;
