((D_1:1.3276415540016258,C_1:1.3276415540016258):0.24367383518005356,(B_1:0.7864342877508292,A_1:0.7864342877508292):0.7848811014308501):0.7447608723675423;
D_1:0.169515554477484;
D_1:0.1460224351112226;
F_1:2.2422770764750037;
E_1:1.1651328899480924;
F_1:1.134445740377638;
E_1:0.3344106554988694;
F_1:0.4635760314826677;
