F_1:2.4926026786236197;
E_1:1.3707342774859819;
E_1:0.6924213277988828;
