(((A_1:0.9495970529564077,B_1:0.9495970529564077):0.5766816683618896,(C_1:1.2563822988437374,D_1:1.2563822988437374):0.2698964224745599):1.5852369638610584,(F_1:1.4996126945402315,E_1:1.4996126945402315):1.6119029906391242):0.0;
((C_1:0.23248647763558317,B_1:0.23248647763558317):1.041994319622714,D_1:1.274480797258297):0.6380706924631738;
C_1:0.10603636295763387;
F_1:0.16038198857715402;
F_1:0.12079996226340639;
