((((C_1:0.37651585936151555,A_1:0.37651585936151555):0.23323660458691844,B_1:0.609752463948434):0.3107382739034008,D_1:0.9204907378518348):1.846172660498183,(E_1:1.1203059135269293,F_1:1.1203059135269293):1.6463574848230884):0.0;
D_1:0.21653826069476367;
F_1:0.6733044140045021;
F_1:0.23352851462815882;
