(F_1:3.3265852685010406,((C_1:0.35703113605619996,(B_1:0.35344486579499285,A_1:0.3534448657949928):0.0035862702612071275):0.9907340370299293,D_1:1.3477651730861293):1.9788200954149116):0.0;
C_1:0.032874159921487456;
D_1:0.21542187299867566;
F_1:0.15301860537373058;
