((((B_1:0.8077816980352919,D_1:0.8077816980352919):0.16721362534688303,A_1:0.9749953233821749):1.375643828661683,(E_1:1.7924140059327818,F_1:1.7924140059327818):0.5582251461110761):0.5402262775704386,C_1:2.8908654296142964):0.0;
A_1:0.6037477906011007;
F_1:0.9233764432885084;
