(D_1:2.411444851970843,E_1:2.4114448519708436):0.0;
E_1:0.9015723014773979;
E_1:0.2763178195297993;
