(F_1:2.9819704785777517,(D_1:0.8662934066941024,A_1:0.8662934066941024):2.1156770718836495):0.9060458135178842;
D_1:1.3051994775477194;
D_1:0.6321674039937193;
