(E_1:3.4974749096747244,D_1:3.4974749096747244):0.0;
(D_1:1.1396176996098042,(B_1:0.3092771953392139,C_1:0.3092771953392139):0.8303405042705903):0.253855776682014;
D_1:1.2281258452881876;
D_1:0.44214468388060474;
F_1:0.47280989586273114;
