(D_1:1.6395329693529952,A_1:1.6395329693529952):1.3239858071645139;
(E_1:1.3420933422964505,F_1:1.3420933422964505):0.09309925485607429;
E_1:0.29901568824209535;
E_1:0.14244480147759186;
F_1:0.4677516067779217;
