(A_1:1.7645967037430341,(C_1:0.2483867836056276,B_1:0.2483867836056276):1.5162099201374066):0.9256604070999759;
A_1:1.6666125052637408;
A_1:0.1575689561149235;
D_1:0.6431717777833393;
D_1:0.4855897766241803;
