(B_1:0.868103458456057,(A_1:0.5177489432728221,C_1:0.5177489432728222):0.35035451518323485):1.5958071081102398;
D_1:0.5059813338608271;
E_1:1.1463263909647763;
