((F_1:1.9555687510200146,E_1:1.9555687510200146):1.3348473746444047,D_1:3.2904161256644193):0.0;
D_1:0.08840221661606595;
E_1:0.6440853677749234;
