A_1:4.22064140249203;
(F_1:1.398640924222474,E_1:1.398640924222474):0.06051032008726609;
E_1:0.40383635731216894;
