((B_1:0.8026994413555415,D_1:0.8026994413555415):3.7621868597580717,F_1:4.564886301113614):0.0;
F_1:1.2999874211615863;
E_1:0.34657486134903337;
E_1:0.23018245374420454;
