((E_1:1.372724166568844,F_1:1.372724166568844):1.357992613940009,(B_1:1.1638182765940888,D_1:1.1638182765940888):1.5668985039147643):0.0;
B_1:0.015511060392503495;
D_1:0.0906022263519235;
E_1:0.2220658782285415;
