(F_1:1.039226956608649,E_1:1.039226956608649):1.7486920712644907;
E_1:0.5697551772408995;
E_1:0.13995005205388522;
