(E_1:4.592964796988484,((B_1:0.4589925394158728,A_1:0.45899253941587276):0.021822025985463806,C_1:0.4808145654013366):4.112150231587147):0.0;
(B_1:1.2517053010375574,D_1:1.2517053010375574):0.8200837902312035;
B_1:0.2774642585902958;
F_1:1.7146326828743923;
F_1:1.2218453347506348;
E_1:0.9622120474081638;
