E_1:2.847844076822356;
E_1:0.3070302307262426;
