(E_1:4.836143914340561,((B_1:0.8663699761601448,C_1:0.8663699761601448):0.6325448588963778,D_1:1.4989148350565227):3.337229079284039):0.0;
D_1:0.2013498336846411;
E_1:0.7146439800938598;
