((D_1:0.9951765984699905,(A_1:0.5956101329956364,(B_1:0.5116848117893025,C_1:0.5116848117893025):0.083925321206334):0.399566465474354):1.4561299416693791,(F_1:1.2280557811468076,E_1:1.2280557811468076):1.2232507589925623):0.0;
A_1:0.5354082208478318;
A_1:0.33204157666835377;
F_1:0.2931224598486124;
