((C_1:0.8046170241178996,D_1:0.8046170241178996):1.5575416931229005,E_1:2.3621587172408):1.1338053183699264;
D_1:2.2727985292267263;
C_1:0.41073383555844584;
