(E_1:4.145593266392078,(B_1:1.3352384399246688,(C_1:1.058302771756454,A_1:1.058302771756454):0.27693566816821474):2.81035482646741):0.0;
D_1:0.6272017091766433;
D_1:0.30168188205419977;
E_1:2.119689288076975;
E_1:1.799400230468129;
E_1:0.732761078768687;
E_1:0.4749048926829602;
E_1:0.36567838513482065;
E_1:0.31412945927493785;
