((C_1:0.2890036335543116,B_1:0.2890036335543116):0.7249159059239818,(D_1:0.831634105974969,A_1:0.831634105974969):0.18228543350332432):2.400537306208386;
B_1:0.7865510724664245;
B_1:0.035091182725643266;
F_1:0.7910467132986787;
