((D_1:1.7558022603343475,(A_1:0.3602151469952713,C_1:0.36021514699527135):1.3955871133390763):2.328626290263389,F_1:4.084428550597737):0.0;
A_1:0.07086806170740464;
D_1:0.3055137287123353;
E_1:0.6848354364790816;
F_1:0.6009210412823704;
F_1:0.40588432097974236;
