(E_1:2.6656925877552298,(((B_1:0.615315927000734,C_1:0.615315927000734):0.22192028135207253,D_1:0.8372362083528067):0.6484471063513579,A_1:1.4856833147041646):1.1800092730510652):0.0;
C_1:0.9686553915191225;
B_1:0.003435719964030859;
