((C_1:0.9932828884130904,(B_1:0.4590454937633822,A_1:0.4590454937633821):0.5342373946497082):0.2391026880576218,D_1:1.2323855764707123):4.3439123581036725;
(C_1:0.6651800522296106,(A_1:0.3166575697330896,B_1:0.31665756973308967):0.34852248249652096):0.25633229599719487;
A_1:0.8330927036223157;
C_1:0.07263898662904361;
D_1:0.33650367167526357;
