((F_1:2.715033064434894,(D_1:1.168202979165859,(B_1:1.0512179823150363,(C_1:0.949119895308002,A_1:0.949119895308002):0.10209808700703432):0.11698499685082267):1.546830085269035):0.4285610328239939,E_1:3.143594097258888):0.0;
(D_1:0.8912933258674134,(C_1:0.4263358275317005,(B_1:0.31576989359781615,A_1:0.3157698935978161):0.11056593393388438):0.4649574983357128):0.004947917885559594;
A_1:0.09142495094699452;
C_1:0.08920214507820082;
D_1:0.6937773350229002;
D_1:0.45361472770924527;
E_1:0.5198408228851531;
