(((C_1:0.25421557199449907,B_1:0.25421557199449907):0.8686030785757348,A_1:1.122818650570234):3.65810794424963,E_1:4.780926594819864):0.0;
D_1:1.3005627982501624;
F_1:1.8704290751618782;
F_1:0.5027310843266994;
F_1:0.24679082535587626;
F_1:0.14363269907382537;
