(D_1:13.812602142368648,((B_1:10.501327013838548,A_1:10.501327013838548):2.004893917226362,C_1:12.50622093106491):1.3063812113037387):0.0;
D_1:10.677211397477713;
A_1:7.780569779799244;
