((B_1:0.006530948295641168,C_1:0.006530948295641168):1.850513473414653,A_1:1.8570444217102942):0.0;
A_1:1.3534846237651388;
A_1:0.5774769525391342;
A_1:0.45436186640963605;
A_1:0.3768351677461481;
A_1:0.030687936402817195;
C_1:0.45312957042716545;
