(A_1:2.249975163390114,(B_1:0.11284218260294886,C_1:0.11284218260294886):2.137132980787165):0.0;
A_1:1.418133202031195;
A_1:0.6573407538313703;
