((B_1:0.4974904766493477,C_1:0.4974904766493477):2.054335259280596,A_1:2.5518257359299437):0.0;
A_1:0.09882117969189563;
A_1:0.08155841241971928;
(C_1:0.2630557000548565,B_1:0.2630557000548565):1.1526834791389962;
B_1:0.4845190056129341;
C_1:0.29484210114647885;
