(A_1:2.8249336983832056,(C_1:1.7418077685830307,B_1:1.7418077685830307):1.083125929800175):0.0;
A_1:1.0825380633220802;
A_1:0.06274684622187965;
A_1:0.04691371745829098;
B_1:0.20991089682752878;
