((B_1:0.47392823670580464,C_1:0.47392823670580464):1.7400838648857584,A_1:2.214012101591563):0.0;
A_1:0.25350487314235126;
A_1:0.24048593241110594;
(C_1:0.3174075064942908,B_1:0.3174075064942908):1.0815044170730013;
B_1:0.4319691795980514;
B_1:0.11674927360183679;
B_1:0.05215904303995772;
