((B_1:0.44555833488754437,C_1:0.44555833488754437):1.8904966350051544,A_1:2.3360549698926985):0.0;
B_1:0.750052981084067;
C_1:0.5532532759809938;
B_1:0.3717570878628696;
C_1:0.1776167800703739;
C_1:0.17205940515305113;
B_1:0.01688861781430845;
