(A_1:3.3997114284405496,(C_1:0.4961902029210412,B_1:0.4961902029210412):2.9035212255195084):0.0;
A_1:0.8836011674484688;
A_1:0.5952503716921271;
A_1:0.10476971159430448;
C_1:0.27880196048618827;
