((B_1:0.5086213207152304,C_1:0.5086213207152304):1.9504953385331092,A_1:2.4591166592483393):0.0;
A_1:0.3520904332415491;
A_1:0.2187749557833969;
A_1:0.07173966063934412;
