(A_1:1.9386033582996804,(B_1:1.1772809283635974,C_1:1.1772809283635974):0.761322429936083):0.0;
A_1:0.8766166983750635;
B_1:0.8390697064892318;
C_1:0.7962860042147321;
(C_1:0.11883116652777574,B_1:0.11883116652777574):0.3402403263728111;
B_1:0.13619420455636494;
C_1:0.06108141876835932;
