(C_1:0.8457818923678455,B_1:0.8457818923678455):0.0;
C_1:0.48238167034562623;
C_1:0.4509696047342192;
C_1:0.35755515093266815;
