(B_1:1.9755934747183679,C_1:1.9755934747183679):0.0;
B_1:0.4861442926523411;
B_1:0.32765108302591717;
B_1:0.28093847770048574;
B_1:0.074723615521887;
C_1:0.327524615003675;
