(B_1:0.80237887616744,C_1:0.80237887616744):0.0;
B_1:0.33337078856228497;
B_1:0.2111731790844601;
