(B_1:1.8070969489527242,C_1:1.8070969489527242):0.0;
B_1:0.4526799538175783;
B_1:0.27623099801683854;
C_1:0.1391740007672393;
C_1:0.12857244034225956;
C_1:0.12200058047244172;
