(B_1:3.2070048680117704,C_1:3.2070048680117704):0.0;
B_1:0.22918462216429136;
B_1:0.009865962025591368;
