(B_1:2.346752195135975,C_1:2.346752195135975):0.0;
B_1:0.4858272164487199;
C_1:0.4071043614012374;
C_1:0.22571242197299912;
