(B_1:0.8714371603057952,C_1:0.8714371603057952):0.0;
B_1:0.031301303421960414;
C_1:0.4184273272047997;
