(C_1:0.7780576342932284,B_1:0.7780576342932284):0.0;
B_1:0.03716637188092964;
C_1:0.11469516401500834;
C_1:0.08065747460793216;
C_1:0.03740287728176095;
