(B_1:0.8063580263915111,C_1:0.8063580263915111):0.0;
B_1:0.1157566275990603;
B_1:0.07317199322444501;
