(C_1:1.3629539895204386,B_1:1.3629539895204386):0.0;
B_1:0.39470175309592537;
B_1:0.039036260813221535;
