(B_1:0.9212477430825661,C_1:0.9212477430825661):0.0;
B_1:0.37668413680388735;
B_1:0.3683420718683734;
