(B_1:1.4084420863162692,C_1:1.4084420863162692):0.0;
B_1:0.3842152580414065;
B_1:0.18468044587634302;
