(B_1:0.8854467910839684,C_1:0.8854467910839684):0.0;
C_1:0.4178508209365931;
C_1:0.2049623467552748;
C_1:0.09178112213262135;
C_1:0.061659991033499006;
