(C_1:1.8147832356170694,B_1:1.8147832356170694):0.0;
B_1:0.4665999700959069;
B_1:0.06170850216358542;
B_1:0.033371864296198206;
