(C_1:0.5746067834818078,B_1:0.5746067834818078):0.0;
C_1:0.1994564404038675;
C_1:0.09177665268785345;
