(B_1:1.1195451482423637,C_1:1.1195451482423637):0.0;
C_1:0.497250071467289;
C_1:0.12168804693423224;
