(B_1:1.1946007388410997,C_1:1.1946007388410997):0.0;
C_1:0.45893078394738324;
C_1:0.3997935212780209;
C_1:0.36405415667751906;
C_1:0.029063918222505702;
