(B_1:1.0645053116000864,C_1:1.0645053116000864):0.0;
B_1:0.05929310369190732;
C_1:0.49424271863405256;
C_1:0.20992671359920406;
C_1:0.1472455078867086;
C_1:0.05831975728750399;
