(B_1:2.344980811234156,C_1:2.344980811234156):0.0;
C_1:0.3585119557060259;
C_1:0.357781430932924;
