B_1:1.3553036279226367;
B_1:0.9646801280571105;
(B_1:0.6541512928779967,C_1:0.6541512928779967):0.10798000205321912;
B_1:0.6845009627854906;
B_1:0.004519527386978972;
