(A_1:3.237369858190206,C_1:3.237369858190206):0.0;
A_1:0.7421866767287433;
C_1:0.30003020074353687;
C_1:0.1666518978786502;
