(A_1:1.6681356596659866,(C_1:0.8819177406659193,B_1:0.8819177406659193):0.7862179190000672):0.0;
A_1:0.33077998877582426;
B_1:0.3919556819651687;
