(C_1:3.843325780125033,B_1:3.843325780125033):0.0;
A_1:0.5630177959126756;
A_1:0.47346152914958406;
A_1:0.2724826606559271;
