B_1:2.6758493803523704;
B_1:0.5933430823471464;
