(A_1:1.2380573056965851,C_1:1.2380573056965851):0.0;
A_1:0.12718263844429334;
B_1:0.6033270747590445;
