A_1:1.7149410657966058;
A_1:0.4968603685314701;
