A_1:2.004718936596722;
A_1:0.7834268892764656;
A_1:0.28917023490310023;
