((B_1:0.744424475165535,C_1:0.744424475165535):0.872100790246181,A_1:1.616525265411716):0.0;
A_1:0.3582166751155986;
B_1:0.5091600356520994;
