((C_1:0.7454974718147109,B_1:0.7454974718147109):0.8504461534611198,A_1:1.5959436252758308):0.0;
B_1:0.014464307279699773;
C_1:0.0818732460731027;
