(B_1:1.3919596434963768,A_1:1.3919596434963768):1.3978108804764815;
A_1:0.8192511915488767;
A_1:0.20691444627761113;
