(B_1:1.4134280177045508,(C_1:1.024418722169392,A_1:1.024418722169392):0.38900929553515906):0.0;
A_1:0.323904212642514;
B_1:0.1141728820582058;
C_1:0.23500261807663114;
