B_1:1.114412896761579;
A_1:0.9470636680375899;
A_1:0.6590803503325297;
A_1:0.333421693834566;
B_1:0.02952981737932625;
