B_1:4.554644054751148;
B_1:0.6467712113775804;
B_1:0.2521917352667864;
B_1:0.10764607432527473;
