((C_1:0.9407711304107316,B_1:0.9407711304107316):1.6666516124866844,A_1:2.607422742897416):0.0;
A_1:0.2501047516459035;
B_1:0.5135277809458326;
