(A_1:1.013267283511374,B_1:1.013267283511374):0.015580701238251577;
B_1:0.48003598545369264;
B_1:0.2638326980264738;
