(A_1:2.773470836489852,(B_1:0.6461352539408034,C_1:0.6461352539408034):2.1273355825490485):0.0;
A_1:0.6362267283311255;
A_1:0.45258742780703565;
