((B_1:0.9449193726559499,C_1:0.9449193726559499):0.5693255283450938,A_1:1.5142449010010437):0.0;
A_1:0.7283974586589168;
C_1:0.9890880083933729;
C_1:0.5366512585921834;
C_1:0.3460223231918243;
C_1:0.06523023200785733;
