(A_1:2.661042591020844,B_1:2.661042591020844):0.0;
A_1:0.08386160632182638;
B_1:0.5706386871152863;
