(B_1:1.589654980562337,C_1:1.589654980562337):0.0;
A_1:0.3044288694134335;
C_1:0.016164872783180628;
