B_1:3.530236350055401;
A_1:0.30365317571397854;
B_1:0.08096927187296393;
