B_1:2.2085692463288336;
C_1:0.947980557554237;
