(A_1:1.6651463775448891,(B_1:1.0740926190646714,C_1:1.0740926190646714):0.5910537584802179):0.0;
A_1:0.06218534776191331;
C_1:0.10885635302853447;
