(A_1:1.9305298493190663,B_1:1.9305298493190663):0.0;
A_1:0.2716780955412108;
B_1:0.7855556196016296;
