((B_1:0.7089474923806702,C_1:0.7089474923806702):1.395251725350846,A_1:2.1041992177315163):0.0;
A_1:0.7460498004456716;
B_1:0.3446627894612935;
C_1:0.07638924248653439;
