C_1:1.0122463751655495;
C_1:0.5454900977351852;
