(A_1:1.2721491377060545,C_1:1.2721491377060545):1.1243870820618258;
A_1:0.10863206043573437;
C_1:0.446208581331942;
