B_1:2.3280402811619156;
C_1:0.9940528313770325;
B_1:0.04863581335333583;
