(A_1:3.0561384801279305,(C_1:2.0819984326504883,B_1:2.0819984326504883):0.9741400474774423):0.0;
A_1:0.8391002931683187;
B_1:0.2606995587716038;
