((C_1:2.360176663617683,B_1:2.360176663617683):1.0048286189263131,A_1:3.3650052825439962):0.0;
A_1:1.3975283539670074;
A_1:0.9570590542906476;
