(A_1:1.5662961727153275,(C_1:0.8100365844934998,B_1:0.8100365844934998):0.7562595882218277):0.0;
A_1:1.1566683119269743;
B_1:0.4739959119652838;
