(B_1:2.0416379853783533,(C_1:1.5630866735382092,A_1:1.5630866735382092):0.47855131184014393):0.0;
A_1:1.1516641291372716;
C_1:0.7848641336749387;
B_1:0.1522293896420306;
