((C_1:0.5438766705663179,B_1:0.5438766705663179):1.801518369655681,A_1:2.345395040221999):0.0;
A_1:0.7923787741048661;
A_1:0.7573344704372317;
A_1:0.6689449901495076;
A_1:0.15066503575076418;
B_1:0.08819486150922473;
