((C_1:0.5700236513642214,B_1:0.5700236513642214):2.5321076603871413,A_1:3.1021313117513625):0.0;
B_1:0.49418968126995894;
B_1:0.48721093482485683;
