((B_1:0.6530651306929521,C_1:0.6530651306929521):1.029331401384682,A_1:1.6823965320776342):0.0;
C_1:0.21644030797173375;
C_1:0.0182310623339188;
