(A_1:1.710003780097753,(B_1:0.9097190987417373,C_1:0.9097190987417373):0.8002846813560156):0.0;
A_1:1.4923973818621756;
A_1:0.519515346244328;
