((C_1:0.556723925201245,B_1:0.556723925201245):1.2975810087671917,A_1:1.8543049339684368):0.0;
C_1:1.1261871780721324;
B_1:0.5829291983347697;
