(A_1:5.991738520552884,(B_1:1.8993799058926633,C_1:1.8993799058926633):4.09235861466022):0.0;
A_1:1.435926523777367;
B_1:0.13684062591952745;
