(A_1:3.6624431110823417,(C_1:0.8677097900358584,B_1:0.8677097900358584):2.7947333210464835):0.0;
A_1:1.4405264245111706;
A_1:0.017380480405035703;
