((C_1:0.6016684405266968,B_1:0.6016684405266968):1.9779428905467915,A_1:2.5796113310734885):0.0;
B_1:0.5822980025093859;
C_1:0.15352313485221475;
