((B_1:1.647029282979596,A_1:1.647029282979596):0.7451242898170856,C_1:2.3921535727966816):0.0;
B_1:1.2343600473282854;
B_1:0.3283963133857827;
