((C_1:1.677093979788984,B_1:1.677093979788984):0.3124829193546524,A_1:1.9895768991436362):0.0;
A_1:1.0241203395080147;
A_1:0.276613898823999;
