((B_1:0.6952555106235729,C_1:0.6952555106235729):1.164254652213474,A_1:1.8595101628370472):0.0;
A_1:1.2291142081725166;
A_1:0.9060043691500117;
C_1:0.5307260906291849;
