((A_1:2.6628424429760784,B_1:2.6628424429760784):0.01549849620881777,C_1:2.678340939184896):0.0;
A_1:0.12323685199024492;
(C_1:0.5274041480849896,B_1:0.5274041480849896):0.5860650856266838;
C_1:0.628272534632885;
B_1:0.34310549107574834;
