((A_1:1.9138660041350546,B_1:1.9138660041350546):0.3720370859244305,C_1:2.285903090059485):0.0;
A_1:0.4838908403491444;
C_1:0.5702059554288301;
