((C_1:0.5471586968469727,B_1:0.5471586968469727):1.5768282877094322,A_1:2.1239869845564048):0.0;
A_1:0.9909872749543053;
A_1:0.7289650918515304;
