((C_1:1.7035034227446713,A_1:1.7035034227446713):2.1608610632143543,B_1:3.8643644859590256):0.0;
C_1:1.0845676532856539;
C_1:0.5051622083398342;
