(C_1:1.7652154205569646,(B_1:1.6933626401450335,A_1:1.6933626401450335):0.07185278041193109):0.0;
A_1:1.1455884804113394;
A_1:0.4938049392012276;
A_1:0.3355804484759273;
A_1:0.08847181976654728;
