(A_1:2.0496259914428254,(C_1:1.1407637902612553,B_1:1.1407637902612553):0.9088622011815704):0.0;
A_1:0.3961560591240152;
A_1:0.12124921256234478;
