((B_1:0.8970409432299414,C_1:0.8970409432299414):2.8448710085491498,A_1:3.741911951779091):0.0;
A_1:0.6215285005013685;
C_1:0.14482791017371072;
