((C_1:0.9058291249330586,B_1:0.9058291249330586):0.9108972916278653,A_1:1.8167264165609238):0.0;
A_1:0.953039389850479;
B_1:0.039230976828509956;
