((B_1:2.4384685454380235,C_1:2.4384685454380235):1.6709840125170914,A_1:4.109452557955115):0.0;
B_1:0.7117055296131221;
B_1:0.5770446163558662;
