(B_1:3.3896649635906764,(A_1:1.674917496361862,C_1:1.674917496361862):1.7147474672288143):0.0;
C_1:1.1519114568627993;
C_1:0.04921573263321116;
