((B_1:1.39209997795132,C_1:1.39209997795132):0.7055560995937801,A_1:2.0976560775451):0.0;
A_1:0.5933411504235491;
C_1:0.12133027295251253;
