((A_1:1.7773179157265133,B_1:1.7773179157265133):0.11952469657640713,C_1:1.8968426123029205):0.0;
A_1:0.964115525233755;
C_1:0.8727029004459435;
B_1:0.33281609861779426;
