((B_1:1.8061771338826378,C_1:1.8061771338826378):0.314077868082703,A_1:2.120255001965341):0.0;
(B_1:0.7204327229237072,C_1:0.7204327229237072):0.5459850750994432;
C_1:0.5321699724019007;
B_1:0.17441707268656836;
C_1:0.17923079504017908;
