((B_1:1.09514594245329,C_1:1.09514594245329):1.2610180262280641,A_1:2.3561639686813542):0.0;
A_1:0.9158139691704348;
A_1:0.7667982639535764;
