(A_1:2.064419641587028,(B_1:0.7518710122793215,C_1:0.7518710122793215):1.3125486293077064):0.0;
A_1:1.4413944979856803;
C_1:0.01067230451646406;
