(C_1:2.785574575281141,(B_1:1.5813206776993387,A_1:1.5813206776993387):1.2042538975818022):0.0;
A_1:0.7892315685495834;
B_1:0.5005186810749832;
