(B_1:3.232437782183472,(C_1:1.5451781682451353,A_1:1.5451781682451353):1.687259613938337):0.0;
A_1:1.241638764901434;
A_1:0.44509836574778605;
A_1:0.4239627427208197;
C_1:0.023389366291729774;
