(A_1:1.7375884304930727,(B_1:0.9626945299659188,C_1:0.9626945299659188):0.774893900527154):0.0;
A_1:0.6522960286577749;
B_1:0.9610386178198704;
