((B_1:1.2126952505766446,C_1:1.2126952505766446):0.9798954371454353,A_1:2.1925906877220798):0.0;
A_1:1.3451096817605173;
A_1:0.6766288422744609;
B_1:0.9133396744715141;
C_1:0.35881299617221935;
