(A_1:3.0936891352331326,(C_1:1.6564876799804629,B_1:1.6564876799804629):1.4372014552526697):0.0;
A_1:0.29558358156136433;
C_1:0.1930235311491288;
