((C_1:1.2396874140427352,B_1:1.2396874140427352):2.7058446476507383,A_1:3.9455320616934735):0.0;
A_1:0.8930426212957743;
A_1:0.8451813588272749;
