(A_1:2.206882901064665,(B_1:0.7621571032174899,C_1:0.7621571032174899):1.444725797847175):0.0;
C_1:0.426207263170468;
C_1:0.337767945612892;
C_1:0.047133464766155986;
