((B_1:1.6896087864063234,C_1:1.6896087864063234):0.038798866241429635,A_1:1.728407652647753):0.0;
A_1:1.0320132350200608;
A_1:0.5378779282594827;
B_1:0.2225444382904042;
