(C_1:5.751274955590887,(A_1:1.68010884591407,B_1:1.68010884591407):4.071166109676817):0.0;
A_1:1.140313891606306;
A_1:0.9253942097466068;
A_1:0.8360507680346453;
A_1:0.6269085098027839;
C_1:0.36616459109819843;
