((C_1:0.9034545954907203,B_1:0.9034545954907203):0.867665302595052,A_1:1.7711198980857723):0.0;
A_1:0.43580167713519513;
C_1:0.2962213254085891;
