(A_1:1.7914077510553494,(C_1:0.7337941221944897,B_1:0.7337941221944897):1.0576136288608597):0.0;
A_1:0.6009219539640277;
C_1:0.7364062023294895;
C_1:0.31019544005346134;
