(A_1:1.5844052995880713,(B_1:1.182731309638313,C_1:1.182731309638313):0.4016739899497584):0.0;
(C_1:0.7899049935503921,B_1:0.7899049935503921):0.20462898447028743;
B_1:0.42300761702061584;
B_1:0.08227446186656362;
B_1:0.032616817853176105;
C_1:0.19289719166520364;
C_1:0.14471809657358653;
