((C_1:0.6670769944008942,B_1:0.6670769944008942):3.2844383725900967,A_1:3.951515366990991):0.0;
C_1:0.04738111283659474;
C_1:0.020068430733297893;
