(A_1:1.8789427920878605,(C_1:1.7199522238386316,B_1:1.7199522238386316):0.15899056824922908):0.0;
B_1:0.8567451974687861;
B_1:0.48940089824119454;
