((B_1:1.2090222601969374,C_1:1.2090222601969374):1.0361859242962046,A_1:2.245208184493142):0.0;
A_1:0.8088477409540635;
A_1:0.027090198178065794;
