(A_1:2.5071403338198746,(C_1:0.5519804539898112,B_1:0.5519804539898112):1.9551598798300633):0.0;
A_1:0.0509526193750971;
B_1:0.0861457298444181;
C_1:0.3697378307189585;
