((A_1:1.7792182069880462,C_1:1.7792182069880462):1.8170913950396321,B_1:3.596309602027678):0.0;
A_1:0.9835110719311951;
A_1:0.4793115157870904;
