(A_1:2.2873786613659917,(C_1:0.641718293847419,B_1:0.641718293847419):1.6456603675185724):0.0;
A_1:1.290819540106111;
A_1:0.5047697499197941;
(B_1:0.8134197923113888,C_1:0.8134197923113888):0.2679379833996631;
B_1:0.8774352529850925;
