((C_1:1.0174975842828005,B_1:1.0174975842828005):1.936832365806178,A_1:2.9543299500889786):0.0;
B_1:0.8328842360317428;
C_1:0.07733555531573177;
