((B_1:0.5860965743018048,C_1:0.5860965743018048):3.6928473901856482,A_1:4.278943964487453):0.0;
B_1:1.0679652794946881;
B_1:0.2080901643716921;
