((B_1:1.4843296438536533,C_1:1.4843296438536533):0.27082515173602945,A_1:1.755154795589683):0.0;
A_1:0.3899568688173374;
A_1:0.2449587670642437;
C_1:0.023416553337521073;
