(B_1:2.387271671401669,(C_1:1.8300686649459457,A_1:1.8300686649459457):0.5572030064557233):0.0;
A_1:0.881529305570859;
A_1:0.22290449383134692;
C_1:0.6335054017701439;
C_1:0.22587228209242294;
