((B_1:1.0206500787850903,C_1:1.0206500787850903):4.1391976797773635,A_1:5.159847758562454):0.0;
(C_1:0.6951318515563218,B_1:0.6951318515563218):0.5359918432659576;
C_1:0.6163397289829823;
B_1:0.19533744656607915;
C_1:0.34101275382347807;
C_1:0.2400015217554412;
