(A_1:4.499829110804429,(B_1:0.9809121423916864,C_1:0.9809121423916864):3.5189169684127424):0.0;
A_1:1.3076047450962947;
(B_1:0.6743865924221375,C_1:0.6743865924221375):0.1041639556290116;
B_1:0.4088477510249509;
B_1:0.2498216975349809;
