(A_1:3.142900696888681,(B_1:0.9662602294105449,C_1:0.9662602294105449):2.176640467478136):0.0;
A_1:0.24184889156570888;
A_1:0.01779454227005961;
