((A_1:1.7678733383929017,C_1:1.7678733383929017):0.08710557401284344,B_1:1.8549789124057452):0.0;
B_1:0.6109673677024039;
B_1:0.048844439688993935;
