((C_1:1.093280472175313,B_1:1.093280472175313):1.9179324715085104,A_1:3.0112129436838235):0.0;
A_1:0.5696490994926982;
B_1:0.5375964835030688;
