(C_1:3.601220107877742,(A_1:2.4959458346104975,B_1:2.4959458346104975):1.1052742732672443):0.0;
B_1:0.671446632955501;
C_1:0.34962354967290754;
