((B_1:0.8146553224468014,C_1:0.8146553224468014):1.5603854046848897,A_1:2.375040727131691):0.0;
A_1:1.3302440937936741;
A_1:1.174693758220443;
A_1:0.33765088157346845;
(C_1:0.9810002963507545,B_1:0.9810002963507545):0.25583217489414833;
B_1:0.03825332881981436;
C_1:0.2063679708174872;
