(A_1:1.6745892798091428,(C_1:1.6608997542428758,B_1:1.6608997542428758):0.013689525566267104):0.0;
A_1:0.8880560191906376;
B_1:0.9331749291111184;
