((B_1:1.0231908602231734,C_1:1.0231908602231734):1.139364586676478,A_1:2.1625554468996517):0.0;
A_1:0.35231100148600314;
B_1:1.0856090426986547;
