(A_1:2.8648948974782598,(C_1:0.5783799121262273,B_1:0.5783799121262273):2.2865149853520323):0.0;
A_1:0.9174814878161378;
B_1:0.40724994834266415;
C_1:0.11277721463827939;
