((C_1:1.4582530115452281,B_1:1.4582530115452281):0.8800081607094921,A_1:2.33826117225472):0.0;
A_1:0.8029312781228908;
B_1:0.02048114629812231;
