(A_1:3.3540264842190917,(B_1:0.6018152361239631,C_1:0.6018152361239631):2.752211248095129):0.0;
B_1:0.525700096917505;
C_1:0.47455517344743986;
