((B_1:2.259344690245577,A_1:2.259344690245577):1.3820178926502609,C_1:3.6413625828958383):0.0;
B_1:1.4261865749174425;
(B_1:0.5221900727123688,C_1:0.5221900727123688):0.2230010241272472;
C_1:0.6055424865563838;
B_1:0.2895591421570505;
C_1:0.1637173949831086;
