((B_1:1.5421646516249918,C_1:1.5421646516249918):0.7766231823604108,A_1:2.318787833985403):0.0;
A_1:0.5006280438508804;
A_1:0.35878037907890103;
