((B_1:1.0143021590326624,C_1:1.0143021590326624):0.535536354964451,A_1:1.5498385139971134):0.0;
A_1:0.6359665542495101;
B_1:0.09876794558477531;
