(A_1:3.766610398678479,(C_1:1.8926189951945593,B_1:1.8926189951945593):1.8739914034839198):0.0;
B_1:1.3778680155150334;
C_1:1.044241897325111;
C_1:0.45840909195008034;
