(A_1:2.367251979341418,(B_1:0.6903794075090804,C_1:0.6903794075090804):1.6768725718323378):0.0;
A_1:0.13943520101979545;
B_1:0.5649488470908357;
