(A_1:1.626879647782821,(C_1:0.766623717335869,B_1:0.766623717335869):0.8602559304469519):0.0;
A_1:0.2809899247378418;
A_1:0.24018379843431092;
