((C_1:1.7565845920100842,B_1:1.7565845920100842):0.8230568332443396,A_1:2.5796414252544237):0.0;
A_1:0.6791767569337981;
C_1:0.036792513323034015;
