((B_1:0.6545054462370785,C_1:0.6545054462370785):1.2661336156123322,A_1:1.920639061849411):0.0;
A_1:1.179967876290025;
A_1:0.7563279376942958;
A_1:0.20427560551985957;
