((C_1:0.7326772480086988,B_1:0.7326772480086988):1.7188004828954555,A_1:2.451477730904154):0.0;
A_1:0.2873883177054064;
A_1:0.1731203465309159;
A_1:0.11225643186698897;
C_1:0.6894786548055007;
