(A_1:3.3210640648380356,(B_1:1.3778404044183543,C_1:1.3778404044183543):1.9432236604196813):0.0;
C_1:0.9789415053255911;
B_1:0.23316203823953785;
