(A_1:5.002820996645189,(C_1:0.5444890397675529,B_1:0.5444890397675529):4.458331956877636):0.0;
A_1:1.2886973462127118;
B_1:1.4559048627021691;
B_1:0.2811105273156965;
C_1:0.20136013826236282;
