((B_1:1.4588555655106792,C_1:1.4588555655106792):1.1663197330977775,A_1:2.6251752986084567):0.0;
A_1:1.2628444528792917;
A_1:1.172014561624719;
A_1:0.8550665002403188;
A_1:0.39852710144666914;
A_1:0.265411369445854;
A_1:0.054078253959432;
B_1:0.6585000746146759;
