(A_1:1.5477924376646093,(C_1:0.51701215088237,B_1:0.51701215088237):1.0307802867822393):0.0;
A_1:0.4823977498676493;
B_1:1.004154575649831;
