((B_1:2.0045419947929664,C_1:2.0045419947929664):0.8349528945733381,A_1:2.8394948893663043):0.0;
A_1:1.4695448357585055;
A_1:1.3148102646635946;
A_1:0.14151002853677985;
