(A_1:1.7576136676492182,(C_1:0.7566059223260702,B_1:0.7566059223260702):1.001007745323148):0.0;
A_1:1.3860952637330226;
A_1:0.8667968532025546;
C_1:0.13200127785185006;
C_1:0.09734713213248158;
