((B_1:1.1970856788113091,C_1:1.1970856788113091):0.44765772293441886,A_1:1.6447434017457279):0.0;
A_1:1.4190420466634102;
A_1:1.2016702237127135;
