(C_1:5.576837810300908,(B_1:1.7457167258760111,A_1:1.7457167258760111):3.8311210844248973):0.0;
A_1:1.1112832900629894;
B_1:0.025619895013561933;
