((C_1:1.3284056926613141,B_1:1.3284056926613141):2.5560493186410316,A_1:3.8844550113023457):0.0;
A_1:1.01831419971276;
A_1:0.5668712516352605;
