(A_1:2.1975192411175994,(B_1:1.1944965919403674,C_1:1.1944965919403674):1.003022649177232):0.0;
C_1:0.511535599073153;
B_1:0.2625259080164246;
B_1:0.217190951893882;
