((A_1:1.7517478416806063,C_1:1.7517478416806063):0.026357075055112384,B_1:1.7781049167357186):0.0;
B_1:0.3857412429727842;
B_1:0.3490014296509243;
B_1:0.27314587665474405;
B_1:0.031411331555138755;
