((B_1:0.5129046090106721,C_1:0.5129046090106721):1.571534158247572,A_1:2.084438767258244):0.0;
A_1:0.9750682697811022;
A_1:0.6355886972313668;
