(A_1:1.8733468626279353,(B_1:0.9512571828916482,C_1:0.9512571828916482):0.922089679736287):0.0;
A_1:1.0790465312142754;
A_1:0.1776126263802238;
C_1:0.0784507888739332;
