((B_1:1.7017994697268308,C_1:1.7017994697268308):1.049786114416978,A_1:2.751585584143809):0.0;
A_1:1.4247598724193322;
A_1:0.4803689667924933;
A_1:0.039591469151349035;
