(A_1:3.9661462996771215,(C_1:0.6079805125160891,B_1:0.6079805125160891):3.3581657871610324):0.0;
B_1:1.1425711316369764;
(B_1:0.9360259814057508,C_1:0.9360259814057508):0.2032254063454828;
B_1:0.9717795708239367;
B_1:0.3362091365458732;
B_1:0.013971943780372975;
