(B_1:2.4365012104194657,(A_1:1.5183406129322625,C_1:1.5183406129322625):0.9181605974872032):0.0;
C_1:1.3575089487580962;
B_1:0.48372742895465415;
