(A_1:4.848781539186548,(B_1:0.5246216503720089,C_1:0.5246216503720089):4.324159888814538):0.0;
B_1:0.898524402186377;
B_1:0.7837876615171794;
