((C_1:0.5983330092312265,B_1:0.5983330092312265):1.303057242206009,A_1:1.9013902514372354):0.0;
B_1:0.1464013843211298;
C_1:0.2507350827046884;
C_1:0.17102344426919502;
