((B_1:1.601909195410063,A_1:1.601909195410063):0.01874855052635319,C_1:1.6206577459364162):0.0;
B_1:1.2236539749192745;
B_1:0.2301869371748826;
C_1:0.24561287738365883;
