(C_1:1.7990836375045618,(B_1:1.7654297793098217,A_1:1.7654297793098217):0.033653858194740066):0.0;
A_1:0.344178254490054;
A_1:0.30862390483692415;
C_1:0.06075064961301596;
