((C_1:2.2260104082324954,B_1:2.2260104082324954):0.04903050818522962,A_1:2.275040916417725):0.0;
A_1:1.4225773250339087;
A_1:0.5847236503025641;
A_1:0.08015075135434291;
(B_1:0.783822406363194,C_1:0.783822406363194):0.15462585600833667;
