(B_1:2.19031524481336,(A_1:1.797716952505827,C_1:1.797716952505827):0.3925982923075329):0.0;
A_1:1.0244412620575503;
A_1:0.9821899898794293;
A_1:0.8160319551185129;
A_1:0.21398511133806752;
(B_1:0.6405408000559871,C_1:0.6405408000559871):0.7636854767233021;
