((B_1:2.3762685707433655,A_1:2.3762685707433655):0.7179628091651725,C_1:3.094231379908538):0.0;
A_1:1.230495878054747;
A_1:0.23596835268426908;
