((B_1:1.513313755178725,A_1:1.513313755178725):1.17127817828993,C_1:2.684591933468655):0.0;
A_1:0.3914743011589963;
B_1:0.8447459813149293;
