(C_1:2.6695744058088047,(B_1:1.6342838300611533,A_1:1.6342838300611533):1.0352905757476514):0.0;
A_1:1.3164671227872313;
A_1:0.11933881296182469;
C_1:0.15843031434208665;
