((C_1:0.5157761815836585,B_1:0.5157761815836585):2.0043708344433386,A_1:2.520147016026997):0.0;
A_1:1.0705168230276316;
A_1:0.6561943535137011;
C_1:0.33989460358527096;
