((C_1:0.951002529721908,B_1:0.951002529721908):2.503023551572799,A_1:3.4540260812947072):0.0;
C_1:0.733198618230324;
C_1:0.14402402242302803;
