(A_1:2.3206585672654603,(B_1:0.9867602018380676,C_1:0.9867602018380676):1.3338983654273926):0.0;
B_1:0.23336927933506246;
B_1:0.044966233252195065;
C_1:0.0483719435633741;
