((C_1:1.7472328728595459,B_1:1.7472328728595459):1.5675067217707075,A_1:3.3147395946302534):0.0;
A_1:1.2598644652777693;
A_1:0.5846924316993666;
A_1:0.39691331245620787;
