((C_1:1.1322677759055524,B_1:1.1322677759055524):0.591693696068097,A_1:1.7239614719736494):0.0;
A_1:0.7447762678436725;
A_1:0.14475171008771737;
B_1:0.05554567983998382;
