((A_1:1.6072028168978703,C_1:1.6072028168978703):0.8566170439977999,B_1:2.4638198608956703):0.0;
A_1:1.1969298707786737;
A_1:1.0581995187492463;
C_1:0.642573143536834;
