((B_1:0.5547923448835639,C_1:0.5547923448835639):1.1053305888287532,A_1:1.6601229337123171):0.0;
A_1:0.5533079938836151;
C_1:0.9723955699783652;
C_1:0.9042858849338705;
C_1:0.7029077051782582;
B_1:0.6968808744321882;
C_1:0.062359597468042705;
C_1:0.00879757608960191;
