(C_1:2.5044265739842686,(B_1:2.069317023664631,A_1:2.069317023664631):0.43510955031963783):0.0;
A_1:1.3329294954453268;
B_1:0.5826491931252588;
