((C_1:1.0312638264273515,B_1:1.0312638264273515):3.5037445255304336,A_1:4.535008351957785):0.0;
B_1:0.3218157275357332;
B_1:0.17716929578229557;
B_1:0.033606718762709153;
