((B_1:0.7019361314204251,C_1:0.7019361314204251):0.8114737296928158,A_1:1.513409861113241):0.0;
A_1:0.13870645888901523;
C_1:0.6715650560996198;
