((C_1:1.6203593357996282,A_1:1.6203593357996282):0.4035255716142934,B_1:2.0238849074139216):0.0;
A_1:0.8491464107094919;
A_1:0.26446732447732635;
