((B_1:1.8652378777024479,C_1:1.8652378777024479):2.235706258573153,A_1:4.100944136275601):0.0;
A_1:0.13266824909305397;
C_1:0.23300978913722015;
