((C_1:2.5011934160861173,A_1:2.5011934160861173):1.3980633845244004,B_1:3.8992568006105177):0.0;
A_1:1.344448628090169;
A_1:0.5296758211349076;
