((C_1:1.5698160969490376,B_1:1.5698160969490376):0.29318106904013924,A_1:1.8629971659891769):0.0;
A_1:1.351013307284728;
A_1:0.8851898991270798;
A_1:0.6389594068127891;
A_1:0.5626732628068161;
(C_1:0.7366659663674744,B_1:0.7366659663674744):0.32444417092636924;
B_1:0.39274584102550125;
