(A_1:1.9117290548515886,(C_1:1.411437761324554,B_1:1.411437761324554):0.5002912935270347):0.0;
A_1:1.1396061001708908;
B_1:0.9785474041098489;
