(B_1:2.4445466436240815,(C_1:1.6018331946505362,A_1:1.6018331946505362):0.8427134489735454):0.0;
A_1:1.466428417656779;
A_1:0.3125644170686628;
