(A_1:2.624395319342274,(C_1:1.3928620082057146,B_1:1.3928620082057146):1.2315333111365596):0.0;
B_1:1.079411550313629;
B_1:0.26838264218372;
