(B_1:1.9421803040905947,(C_1:1.646933703076994,A_1:1.646933703076994):0.2952466010136008):0.0;
B_1:0.29858407519174057;
B_1:0.06378053342054968;
