(A_1:3.4693175068446696,(B_1:0.5471379185901681,C_1:0.5471379185901681):2.9221795882545014):0.0;
A_1:1.2475575178206115;
A_1:1.0197752467064976;
