(A_1:3.6710925063843622,(C_1:0.676330648690299,B_1:0.676330648690299):2.9947618576940633):0.0;
C_1:0.37294037853531425;
C_1:0.30567497340794614;
