(A_1:1.607219879429235,(C_1:0.7758051210544892,B_1:0.7758051210544892):0.8314147583747458):0.0;
A_1:0.7843701218531776;
(C_1:0.8405003399034161,B_1:0.8405003399034161):0.18464794126716289;
B_1:0.9698363411408326;
B_1:0.11777420176038772;
