(A_1:2.27674968989571,(C_1:0.7007425137839911,B_1:0.7007425137839911):1.5760071761117187):0.0;
A_1:0.7124511326793747;
B_1:0.9178422606009169;
C_1:0.7911450476668198;
B_1:0.7473103641829392;
B_1:0.5853341564472009;
