((B_1:0.9574041957435415,C_1:0.9574041957435415):1.0024611769901002,A_1:1.9598653727336417):0.0;
A_1:1.0960740053876459;
A_1:0.07919786216764146;
