(A_1:1.6079328105694415,(B_1:0.8134750081130457,C_1:0.8134750081130457):0.7944578024563957):0.0;
A_1:0.6212489188689029;
C_1:0.017165531291427505;
