(A_1:1.9509398161300222,(C_1:1.4594796650030482,B_1:1.4594796650030482):0.49146015112697394):0.0;
A_1:0.26680759630119755;
A_1:0.16034538555488975;
A_1:0.07008741054660828;
C_1:1.3493886937765103;
