((C_1:1.1348768241197402,B_1:1.1348768241197402):0.7883757020037032,A_1:1.9232525261234434):0.0;
A_1:0.3587489403481503;
C_1:0.4403813079545181;
