(A_1:8.063873544990512,(B_1:1.5360590093037982,C_1:1.5360590093037982):6.527814535686714):0.0;
A_1:0.8429247635579589;
A_1:0.22304908996171324;
A_1:0.2035695953530683;
