((C_1:1.0170369512716553,B_1:1.0170369512716553):0.4889502358717723,A_1:1.5059871871434276):0.0;
A_1:1.402295003938402;
A_1:0.466898147385729;
A_1:0.03200109190559286;
