((B_1:1.9168117284614299,A_1:1.9168117284614299):0.7956878109058898,C_1:2.71249953936732):0.0;
A_1:0.9345173725106874;
C_1:1.3743558454608182;
B_1:1.1425359801423056;
C_1:0.4735544437604284;
C_1:0.15985914330012713;
