((B_1:0.6181920873646847,C_1:0.6181920873646847):1.0505562590275173,A_1:1.668748346392202):0.0;
B_1:0.26150978625687427;
B_1:0.05321575438073911;
