(A_1:2.634486355158815,(B_1:0.6240128894576397,C_1:0.6240128894576397):2.010473465701175):0.0;
C_1:0.764322317323853;
C_1:0.1080584568587259;
