(C_1:0.689920619714511,B_1:0.689920619714511):2.148239402145266;
C_1:0.6602646138450934;
B_1:0.45338881438776374;
C_1:0.20494488931202987;
C_1:0.07450289646042663;
