((A_1:1.6250252382139743,C_1:1.6250252382139743):0.23800306343850103,B_1:1.8630283016524753):0.0;
A_1:0.0005417881612250763;
C_1:0.36874545222808;
