((B_1:0.571158634959885,C_1:0.571158634959885):1.2502843685516765,A_1:1.8214430035115612):0.0;
A_1:0.7972338722377552;
A_1:0.6342859233325612;
A_1:0.5801963613510922;
A_1:0.564625920268801;
A_1:0.501814983487346;
B_1:0.37231491524506066;
