(A_1:5.004273212608803,(C_1:0.7241303588157302,B_1:0.7241303588157302):4.280142853793072):0.0;
A_1:1.3209727937896651;
A_1:1.005507825739469;
A_1:0.6526456913957971;
A_1:0.6494087916433924;
B_1:1.311051137321754;
B_1:0.6275093914998279;
B_1:0.3067043948718292;
B_1:0.12571320417143217;
B_1:0.046341854099048396;
C_1:0.44028523287188337;
C_1:0.3274652223315464;
