((B_1:2.035361714428677,C_1:2.035361714428677):1.1531436346244393,A_1:3.1885053490531163):0.0;
A_1:0.5334019333101593;
A_1:0.37222839818637743;
B_1:0.5150353954094901;
