A_1:1.9904353127761907;
A_1:0.9279206407488346;
A_1:0.17830047991316111;
A_1:0.025348186537343498;
