B_1:2.3444916334104606;
C_1:0.6048353096134793;
