(A_1:3.4117978262804867,C_1:3.4117978262804867):0.0;
A_1:0.5385643074442681;
A_1:0.4310462638149819;
(C_1:0.5869007691268526,B_1:0.5869007691268526):0.4674928053484426;
B_1:0.08336090801082324;
C_1:0.4209826946386279;
C_1:0.3471658782428251;
