(C_1:0.5618647389234968,B_1:0.5618647389234968):1.4224464541459712;
A_1:1.4717680644608797;
C_1:1.0264662079965943;
B_1:0.37162469681767984;
C_1:0.3895761968996255;
C_1:0.1820112799648781;
