(A_1:3.6468130533310275,C_1:3.6468130533310275):0.0;
A_1:0.41074695347331325;
A_1:0.3427145402327143;
A_1:0.18135503112415652;
