A_1:1.7981197242421791;
B_1:0.39292158931180365;
