(A_1:4.007864034931181,(B_1:0.5555392153597218,C_1:0.5555392153597218):3.4523248195714586):0.0;
C_1:0.17131727709893424;
C_1:0.06109346419341177;
