((B_1:1.18207554619389,C_1:1.18207554619389):1.147079737896763,A_1:2.3291552840906533):0.0;
A_1:0.07963952185336276;
C_1:0.44165782999875275;
