A_1:1.9295901692474082;
A_1:0.6711392303642681;
