(C_1:0.7357278878969917,B_1:0.7357278878969917):0.4009368573138816;
C_1:0.712918137478267;
C_1:0.10877181925159346;
