((C_1:0.5782074803371805,B_1:0.5782074803371805):1.4524307069134326,A_1:2.030638187250613):0.0;
A_1:1.0270688081025054;
A_1:0.5961350527416895;
A_1:0.44533990627711884;
A_1:0.3314200146639097;
A_1:0.29411136271590355;
B_1:0.18013330960367685;
C_1:0.4319295854917335;
C_1:0.19260730726407593;
