((B_1:1.5377485172734313,A_1:1.5377485172734313):1.8425266959393054,C_1:3.3802752132127365):0.0;
A_1:0.6638319109399788;
A_1:0.3605139959318189;
A_1:0.10838935639231462;
