(A_1:2.2097689483242315,(B_1:1.3752958681125136,C_1:1.3752958681125136):0.8344730802117181):0.0;
A_1:0.9864523784032394;
A_1:0.3785826951645823;
(B_1:0.828895149265247,C_1:0.828895149265247):0.2608978729015139;
B_1:0.2703142690924947;
B_1:0.09685251301073439;
