(B_1:1.8365699818811825,(C_1:1.7980893213019993,A_1:1.7980893213019993):0.03848066057918309):0.0;
A_1:0.6747078880235066;
A_1:0.5439485209066043;
A_1:0.43442528043807793;
A_1:0.21378470335337818;
A_1:0.13106691714904373;
B_1:0.19575291038097065;
B_1:0.1517314460059737;
B_1:0.0031371957226064007;
