(B_1:2.5446686126807463,C_1:2.5446686126807463):0.0;
(C_1:0.5030507681187693,B_1:0.5030507681187693):0.6832748881864914;
B_1:0.8225545919270989;
C_1:0.6463432423755551;
C_1:0.5597653963324098;
B_1:0.35723863605690076;
B_1:0.23559615548218804;
C_1:0.42291637756705847;
C_1:0.28699531251230226;
