B_1:2.145071981835197;
B_1:1.170847322033602;
(C_1:0.7942199639827824,B_1:0.7942199639827824):0.02863134947028012;
C_1:0.6377630275172633;
C_1:0.2937731380576545;
