((B_1:1.2051145121896711,C_1:1.2051145121896711):1.824559914827845,A_1:3.0296744270175164):0.0;
A_1:0.5104023578668921;
A_1:0.48718245601771537;
A_1:0.2208638855266536;
B_1:0.1245897098953207;
C_1:0.3564487884973562;
C_1:0.30973569195088746;
C_1:0.21523756528440607;
C_1:0.14721447387191972;
C_1:0.14176640544556313;
C_1:0.05782744662363282;
