(C_1:3.1893945144318128,B_1:3.1893945144318128):0.0;
B_1:1.1554618002983943;
C_1:0.7532386032577421;
B_1:0.27139172957550806;
C_1:0.2971883643705496;
C_1:0.007474826919967703;
