(C_1:1.5953955404285876,A_1:1.5953955404285876):1.5829898421096136;
(C_1:0.6788181426377848,B_1:0.6788181426377848):0.2704070677096214;
B_1:0.3374293727202794;
B_1:0.005521624008085424;
C_1:0.018593835443826312;
