(B_1:0.6127120684165609,C_1:0.6127120684165609):0.9522804494415137;
C_1:0.2913385159601144;
C_1:0.19915796033587269;
