A_1:1.671581910424921;
A_1:1.0666499120904167;
