C_1:1.3182745596633463;
B_1:0.9135239215840185;
C_1:0.732400681121161;
B_1:0.27663782555354455;
B_1:0.04814190924263628;
