A_1:1.9380729269291455;
A_1:1.1731646933077684;
A_1:0.908807690481664;
A_1:0.21588088808555628;
A_1:0.2143290225221437;
B_1:1.24644305620437;
