(A_1:3.1030877949469007,(C_1:0.5882677634055127,B_1:0.5882677634055127):2.5148200315413884):0.0;
(B_1:0.723028966309908,C_1:0.723028966309908):0.20262003301261478;
B_1:0.7079391065637382;
B_1:0.03949110692774638;
C_1:0.1963709751440093;
C_1:0.13624475282827098;
C_1:0.09982721565137676;
