(A_1:2.8811140235251225,(B_1:1.8089105635828688,C_1:1.8089105635828688):1.0722034599422539):0.0;
(C_1:1.1850396978549198,B_1:1.1850396978549198):0.06945190457021821;
C_1:0.4914283052066267;
C_1:0.3957521236381391;
C_1:0.27681732830671624;
C_1:0.1067442519358468;
