(C_1:2.4287856470274525,(B_1:1.799799316890189,A_1:1.799799316890189):0.6289863301372633):0.0;
A_1:1.2084097203327064;
A_1:0.9015557892786923;
C_1:0.6706072575435074;
C_1:0.6510682600324258;
C_1:0.12740218761085542;
