B_1:2.626601070705695;
A_1:0.6368909162081768;
C_1:1.093525248753889;
C_1:1.0268921051469384;
B_1:0.11887246018960085;
C_1:0.23643506187053687;
C_1:0.21773408208936118;
C_1:0.12482485720994713;
