(A_1:1.7282244873196948,B_1:1.728224487319695):0.0;
(C_1:0.6270042223059997,B_1:0.6270042223059997):0.45625375869270046;
C_1:0.6258571936974429;
C_1:0.624540426086612;
B_1:0.05634780936654399;
C_1:0.26423809715134594;
C_1:0.2461341463671171;
C_1:0.21013435468324698;
