(B_1:0.6553265646762463,C_1:0.6553265646762463):0.8529144223928977;
(B_1:0.5392284771461784,C_1:0.5392284771461784):0.7374366677083022;
B_1:0.8930722400564248;
C_1:0.6346880501894854;
B_1:0.4952611168507551;
B_1:0.23179827904499345;
B_1:0.22268752409940595;
B_1:0.1565374519665606;
B_1:0.03631031055282702;
C_1:0.43738157751904355;
