(C_1:1.6212451303155695,A_1:1.6212451303155695):0.0;
A_1:1.0496693753978565;
A_1:0.9782428243963589;
A_1:0.7927152941627114;
A_1:0.37125392733026397;
A_1:0.28999859489747926;
A_1:0.14382731001374127;
C_1:0.43781631033269425;
