C_1:2.2626434827246134;
A_1:1.4425852189595811;
A_1:0.05199352002945168;
C_1:0.14347189810982203;
