(A_1:1.6701288524098161,(C_1:1.4540153684212014,B_1:1.4540153684212014):0.21611348398861482):0.0;
B_1:0.9437780636508063;
B_1:0.730341819241453;
