(A_1:6.375656194001327,B_1:6.375656194001327):0.0;
A_1:0.8089310724968667;
A_1:0.34315096327911165;
A_1:0.26481423446006014;
A_1:0.2616110924705779;
(B_1:0.9439291457811416,C_1:0.9439291457811416):0.3246779961924391;
B_1:0.4643166428528332;
B_1:0.38794425215887873;
B_1:0.3056446546515634;
B_1:0.01211225753289713;
C_1:0.10870077013456064;
C_1:0.08028762272973289;
