(C_1:2.4450002731984553,B_1:2.4450002731984553):0.0;
A_1:1.1968639929003586;
A_1:0.5820343866809947;
A_1:0.4288509877220781;
A_1:0.3721372522893467;
C_1:1.1165685729800034;
B_1:0.3280917171759221;
C_1:0.05475892436080415;
