(A_1:1.8324590262778466,C_1:1.8324590262778464):0.0;
A_1:0.8788529816132744;
A_1:0.07212426443038855;
A_1:0.045119472317177944;
