(A_1:2.0435949577534336,C_1:2.0435949577534336):0.01915208930259058;
C_1:0.750065782521862;
B_1:0.2331500447283083;
B_1:0.2094562029243106;
C_1:0.21967153422295255;
C_1:0.198277513706289;
C_1:0.021760409688935667;
