(A_1:2.569238161027331,B_1:2.569238161027331):0.0;
A_1:1.3821474943164538;
C_1:1.2053934769518113;
C_1:0.5176761295026362;
B_1:0.4132806694658389;
B_1:0.261781228065456;
B_1:0.19958270003179662;
C_1:0.46341220934066596;
C_1:0.08064414937855346;
