(A_1:1.5363302471226834,(B_1:1.204754319842047,C_1:1.204754319842047):0.3315759272806365):0.0;
B_1:0.3711662103156415;
B_1:0.26597525556658985;
B_1:0.18319032738134444;
