(C_1:0.8224215689700488,B_1:0.8224215689700488):0.466067323230447;
B_1:1.068498769501734;
(B_1:0.5182955395323994,C_1:0.5182955395323994):0.4900522885274139;
C_1:0.7932745739088938;
B_1:0.7372435652460722;
B_1:0.5613474055677254;
C_1:0.11801913875734665;
