(B_1:2.7955995517306316,A_1:2.795599551730632):0.0;
A_1:1.0707507193595966;
B_1:0.29470526581195444;
C_1:0.39591418587968585;
