C_1:2.2280378722605136;
A_1:0.974344128072892;
A_1:0.6033767787695483;
A_1:0.49834666327666577;
A_1:0.46271773943578776;
B_1:0.753039722363124;
C_1:0.06283323527087298;
C_1:0.030178958424796898;
