(B_1:0.9094126262566784,C_1:0.9094126262566784):1.9077971830599258;
A_1:0.8708605183003434;
A_1:0.1538833581572716;
C_1:0.4064830186991444;
