(C_1:2.626378969547714,(B_1:1.7188835942140195,A_1:1.7188835942140195):0.9074953753336944):0.0;
A_1:0.5613796950293491;
B_1:0.18751750497742653;
B_1:0.06348912159098696;
