(A_1:1.8548441355285288,C_1:1.8548441355285288):0.0;
C_1:0.4004786028764044;
C_1:0.1045974630599053;
