(B_1:3.7943610249433517,C_1:3.7943610249433517):0.0;
C_1:0.5254579029351737;
C_1:0.47354487671592643;
