(B_1:1.76136079758234,(C_1:1.574484268367394,A_1:1.574484268367394):0.1868765292149458):0.0;
A_1:1.2518543257881496;
A_1:0.5190610908489137;
A_1:0.06948635540542347;
A_1:0.0011823601832376962;
(B_1:1.2417963175302718,C_1:1.2417963175302718):0.18490039752622756;
B_1:0.7949933835789216;
B_1:0.09196741202485648;
