(A_1:1.5515652556581623,C_1:1.5515652556581623):0.0;
A_1:1.022044142614944;
A_1:0.9107925282418023;
A_1:0.5319161986769569;
A_1:0.3434589164647548;
A_1:0.26448822741245426;
A_1:0.09820232182138167;
C_1:0.26499458156198347;
