(C_1:1.04321063997613,B_1:1.04321063997613):1.0470444227162958;
A_1:0.9091805314505452;
(B_1:0.9779552988899056,C_1:0.9779552988899056):0.12382433134475357;
C_1:0.8611179167840739;
C_1:0.7512256731960179;
C_1:0.09154039167179223;
