(A_1:3.09931070944774,(B_1:0.5706698111245596,C_1:0.5706698111245596):2.5286408983231805):0.0;
A_1:1.4095809185245631;
A_1:1.2592086994911234;
A_1:0.8513794343099428;
A_1:0.5165255308159988;
B_1:1.035863766537985;
B_1:0.7081676400989246;
B_1:0.6162192425198469;
B_1:0.42560063430387635;
C_1:0.43529322271806914;
