(C_1:1.1081842746497652,B_1:1.1081842746497652):2.0952249687039437;
C_1:0.8080682666339222;
B_1:0.10902082498824817;
C_1:0.17441456226598534;
C_1:0.03479116935697735;
C_1:0.01157366627887113;
