C_1:2.128256765117622;
A_1:0.14035918148891247;
C_1:0.46978845178518136;
