(B_1:0.6447510002347638,C_1:0.6447510002347638):1.418730177041866;
A_1:0.6301769053637658;
A_1:0.15401726753177947;
B_1:0.7320987022578238;
C_1:0.6572374108773106;
B_1:0.10782549564686361;
