(A_1:2.4202345656890323,(C_1:1.0366183612562323,B_1:1.0366183612562323):1.3836162044328):0.0;
A_1:0.15997394802384157;
C_1:0.41873189684808493;
