(C_1:1.8521818757239374,B_1:1.8521818757239374):0.0;
A_1:1.4833760862209617;
A_1:0.9495581185693678;
C_1:0.33295051227932315;
C_1:0.17870359064734048;
