(A_1:2.89689961248231,(B_1:1.185346049002523,C_1:1.185346049002523):1.7115535634797872):0.0;
A_1:0.8299354344835776;
A_1:0.621684307420165;
A_1:0.10819122251509361;
B_1:0.24705809026439263;
B_1:0.21440264042487234;
B_1:0.14753304443871362;
B_1:0.01728696929331963;
