(A_1:2.760600414226788,(B_1:1.2639798685944272,C_1:1.2639798685944272):1.4966205456323607):0.0;
A_1:0.14820867757567413;
C_1:1.3356249225464687;
C_1:1.0592415423294084;
C_1:0.5202766847023739;
C_1:0.2353451907124895;
C_1:0.029583401961919664;
