(C_1:3.4882218315235276,(A_1:1.726041192679476,B_1:1.726041192679476):1.7621806388440517):0.0;
A_1:1.3970547955462203;
A_1:1.2435962474595854;
A_1:0.795023887840738;
A_1:0.26108809415275847;
