(A_1:2.5157825223970454,C_1:2.515782522397045):0.0;
A_1:1.3981641745528126;
A_1:0.9294907809245586;
A_1:0.17416559138760923;
C_1:1.4919801214280675;
