(A_1:1.7980260483069452,C_1:1.7980260483069452):0.0;
A_1:0.9807890920726002;
A_1:0.7393660231009952;
B_1:1.2675093535943283;
C_1:0.29968047451487423;
