(B_1:1.8404995424079806,A_1:1.8404995424079806):0.0;
A_1:0.7379938812020991;
A_1:0.5885120657017292;
A_1:0.4953915425169224;
A_1:0.14044042436072024;
