B_1:4.6031354149675465;
A_1:1.451550757473295;
A_1:0.0791093403098857;
(C_1:0.673757019033921,B_1:0.673757019033921):0.22968000674845857;
B_1:0.5390798574339465;
B_1:0.48860062256077247;
C_1:0.3613398291987771;
C_1:0.2990967730072079;
