(A_1:1.7176951483888578,B_1:1.7176951483888578):0.0;
A_1:0.8458138667049099;
A_1:0.8111604948203054;
A_1:0.7310143657172042;
A_1:0.7265355596549391;
A_1:0.15994499532249984;
C_1:0.4268211065913088;
C_1:0.16180252637957704;
