C_1:1.9423687258006885;
C_1:0.7724303393669114;
