A_1:2.683698601025185;
A_1:0.9960539562527103;
