((A_1:1.6903523544195815,C_1:1.6903523544195815):1.168377923061598,B_1:2.85873027748118):0.0;
C_1:0.3671937398438337;
C_1:0.0020509890535947983;
