(B_1:2.342825281038065,A_1:2.342825281038065):0.0;
A_1:0.635080389736065;
A_1:0.13841290017251273;
A_1:0.06510089815602993;
A_1:0.053927915479021094;
B_1:0.6989667506878197;
B_1:0.5478343028441295;
B_1:0.22561200237247464;
