((A_1:1.6036652834551859,C_1:1.6036652834551859):0.6519294051660294,B_1:2.2555946886212155):0.0;
A_1:0.3951292221100853;
B_1:0.06764486832016636;
