B_1:4.180291951531127;
B_1:0.21143237497617307;
