B_1:1.8723200236911928;
C_1:0.7668698213816015;
