(B_1:1.3407999817897074,C_1:1.3407999817897074):1.0718608769391444;
A_1:1.2198406882031902;
A_1:0.44148296799396247;
C_1:0.5842943230644774;
B_1:0.4275634877463431;
