((A_1:1.6422459309268553,B_1:1.6422459309268553):3.2974229840532123,C_1:4.939668914980068):0.0;
A_1:0.7592509625137568;
A_1:0.4340423646758764;
A_1:0.3612490214090305;
A_1:0.32060576086061854;
A_1:0.25715180322320186;
A_1:0.1117861484494338;
C_1:0.4737069727004511;
C_1:0.307401232608672;
