(C_1:3.731883318432678,B_1:3.731883318432678):0.0;
B_1:0.7981706543307985;
B_1:0.33392330976979523;
B_1:0.0823522996818678;
