(C_1:2.58276825119313,A_1:2.58276825119313):2.2443095192409035;
A_1:1.229141501815671;
A_1:1.2082332948345815;
A_1:0.38600847360188495;
A_1:0.13918671665061821;
