(B_1:0.6375514704501886,C_1:0.6375514704501886):0.8812978388238394;
A_1:0.45464320394584523;
A_1:0.022666401321037144;
(B_1:0.6737179381797737,C_1:0.6737179381797737):0.635185824456341;
B_1:0.97369940974063;
B_1:0.9670403881833176;
B_1:0.8714482646795365;
(B_1:0.5046524401516074,C_1:0.5046524401516074):0.3349080243384278;
B_1:0.578633029598673;
B_1:0.08608148193304765;
C_1:0.2929426137486949;
C_1:0.2629202298221028;
C_1:0.14510950260728944;
