A_1:2.1512747187521963;
A_1:1.110086470895623;
A_1:0.7025364327999836;
A_1:0.22212622570840357;
A_1:0.05446446032355312;
(B_1:0.6729330961005789,C_1:0.6729330961005789):0.3705632837505829;
C_1:0.23005536990015496;
C_1:0.22624423564423624;
C_1:0.053646962858519553;
