(C_1:2.083329908549549,A_1:2.083329908549549):1.108881416497664;
A_1:1.4071404633799585;
A_1:0.44691724680496137;
