((C_1:2.9562193929199427,B_1:2.9562193929199427):0.3935866751381942,A_1:3.349806068058137):0.0;
(C_1:0.6647401300235503,B_1:0.6647401300235503):0.44912845608454255;
B_1:0.33694864329917806;
B_1:0.18136727389738794;
B_1:0.1813082406389555;
C_1:0.49774346039911377;
C_1:0.42772615226953437;
C_1:0.34750102333787075;
C_1:0.28908552122198655;
C_1:0.07776833750159856;
