(C_1:0.7557196945669402,B_1:0.7557196945669402):0.8112426392790681;
A_1:1.0540937774871078;
A_1:1.0474046821872383;
A_1:0.7177096929481248;
B_1:1.0496877847825092;
C_1:0.9144213301749151;
B_1:0.7060226363430806;
B_1:0.38652067279085167;
