(B_1:2.4365532491958968,C_1:2.4365532491958968):0.0;
A_1:0.852595396799704;
B_1:0.5403239651654671;
