(C_1:2.112806195625516,A_1:2.112806195625516):0.35716700725041384;
A_1:0.20531765446841788;
(C_1:0.6802472597089356,B_1:0.6802472597089356):0.4852350888441813;
B_1:0.8331794683213591;
B_1:0.39921552107476566;
B_1:0.38308930300932925;
C_1:0.4261012884945252;
C_1:0.23655665291424183;
C_1:0.20315568960007707;
C_1:0.17140255487631306;
C_1:0.1493040060144486;
