(C_1:0.7902041588228232,B_1:0.7902041588228232):0.7939342751788954;
C_1:0.9663555159963643;
B_1:0.0824644404782735;
