(A_1:3.019561991029743,(C_1:0.6845917758643572,B_1:0.6845917758643572):2.334970215165386):0.0;
A_1:0.4883561240867227;
A_1:0.46037872215206344;
A_1:0.1341997232826606;
B_1:0.7372818520831761;
C_1:0.10756293326824384;
