(A_1:2.1802511788511314,C_1:2.1802511788511314):0.0;
A_1:1.1210275521881217;
A_1:0.6034741640824292;
