C_1:2.173518041885635;
C_1:0.3932734771345457;
