((C_1:1.0342140013064487,B_1:1.0342140013064487):2.0262147985575414,A_1:3.06042879986399):0.0;
A_1:1.4828069890359932;
A_1:0.5340733000350276;
A_1:0.38305256987057157;
(C_1:0.6425595413291787,B_1:0.6425595413291787):0.736526814852094;
(C_1:0.5225605138003482,B_1:0.5225605138003482):0.31602041960553195;
B_1:0.8336018130421319;
B_1:0.661862106940036;
C_1:0.5483929961941494;
B_1:0.21745856379099138;
B_1:0.1728862237135359;
C_1:0.14739867072381685;
