(C_1:0.6958222931579047,B_1:0.6958222931579047):2.3909499452250547;
A_1:0.552660187004567;
A_1:0.08629646855795325;
C_1:0.6441622942019046;
C_1:0.5173852745909644;
C_1:0.41234956349878477;
C_1:0.05439195368778493;
