(B_1:1.7551878549073088,C_1:1.7551878549073088):1.017433210099698;
B_1:0.3293059769026985;
B_1:0.11828985392943853;
