C_1:3.775958707991295;
(B_1:1.1727779857600145,C_1:1.1727779857600145):0.015536895612352053;
(C_1:0.757536343076828,B_1:0.757536343076828):0.09136547214057322;
C_1:0.43706652730853085;
C_1:0.019050372537502858;
