(A_1:1.5453057743586465,B_1:1.5453057743586465):1.1629449276991988;
(B_1:0.5127680004952139,C_1:0.5127680004952139):0.5747508009521912;
B_1:0.9374473905509847;
(C_1:0.5828838464376418,B_1:0.5828838464376418):0.16012485363342732;
C_1:0.6848636790825537;
B_1:0.4331555679768535;
B_1:0.1262725113866846;
C_1:0.34866106140596276;
