(B_1:2.3230328202804116,A_1:2.3230328202804116):0.0;
A_1:0.35854739376844513;
C_1:0.7450782846296484;
B_1:0.052588360915141075;
C_1:0.09584344225352259;
