((B_1:1.2197322214754578,C_1:1.2197322214754578):1.0716034413759425,A_1:2.2913356628514006):0.0;
A_1:0.08118523136876421;
A_1:0.033698973480733585;
(C_1:1.0693169131697957,B_1:1.0693169131697957):0.41239950495839994;
C_1:1.0096477075324803;
B_1:0.6303359126691827;
B_1:0.10559460568452489;
