(B_1:3.203319629429963,C_1:3.203319629429963):0.0;
A_1:1.1656184049579088;
A_1:1.0365409271331685;
A_1:0.11983078859571838;
