(C_1:1.4360531868343807,B_1:1.4360531868343807):1.3702472707443385;
A_1:0.9721986758808263;
B_1:0.3124988480247751;
