(A_1:1.683784508552661,(C_1:1.1919464505295798,B_1:1.1919464505295798):0.4918380580230811):0.0;
B_1:1.2332309098252234;
B_1:1.0009334178714795;
B_1:0.9249923332956991;
C_1:0.9152888543531033;
