((C_1:0.8049280608977956,B_1:0.8049280608977956):1.1312754924306838,A_1:1.9362035533284794):0.0;
A_1:0.5208098560800407;
A_1:0.21620365202809277;
B_1:0.3973384038094093;
