C_1:2.7518650083288643;
B_1:1.1546904414260806;
