(B_1:2.8857320847320285,C_1:2.8857320847320285):0.0;
B_1:0.22148481603856007;
B_1:0.2028071444123773;
B_1:0.09095891526016514;
C_1:0.3285380568053188;
C_1:0.21226647141770794;
