B_1:1.42908848282933;
B_1:0.4438503937540209;
