(B_1:1.787999911841606,C_1:1.787999911841606):0.0;
B_1:1.0677636476045878;
C_1:0.8227492498543045;
B_1:0.7397186263023512;
C_1:0.5200155628740184;
B_1:0.03714999558094795;
C_1:0.4821904686202094;
C_1:0.39528363217231877;
C_1:0.33993361660612653;
