B_1:1.7854809331707888;
(C_1:0.5996441674786048,B_1:0.5996441674786048):0.8657409054673946;
C_1:0.8955362555473054;
C_1:0.7065005152789539;
C_1:0.545308244034585;
B_1:0.2006895361786209;
C_1:0.4756762735377012;
C_1:0.3409763496210836;
C_1:0.14316375807285675;
