A_1:1.431167668314786;
A_1:0.06826813348390126;
