((A_1:1.776660199676901,B_1:1.776660199676901):2.8290496749088416,C_1:4.6057098745857425):0.0;
A_1:0.4906901824814949;
A_1:0.4383445693003529;
