((B_1:1.3051869420827273,C_1:1.3051869420827273):0.9139076571526842,A_1:2.2190945992354116):0.0;
A_1:0.2753832115489623;
A_1:0.05295201630996793;
A_1:0.009261458294601788;
B_1:0.5318848608372609;
B_1:0.459472298070483;
B_1:0.1496692258321664;
B_1:0.03890436762053129;
