(B_1:2.1843945294705294,C_1:2.1843945294705294):0.0;
B_1:0.3397221919544996;
B_1:0.2964514149035239;
B_1:0.11344035964882748;
