((B_1:1.0692804728282432,C_1:1.0692804728282432):6.427278936550515,A_1:7.496559409378758):0.0;
A_1:1.3551596473076164;
A_1:0.787568383684033;
