B_1:3.5876130891302975;
A_1:0.46223563670498446;
C_1:1.4296215245703925;
(B_1:0.5330616564642439,C_1:0.5330616564642439):0.7064774267283669;
B_1:0.7480725273574983;
B_1:0.7169304492628132;
B_1:0.603887791887217;
B_1:0.5008826560524203;
B_1:0.49825603871097934;
B_1:0.4751083534101447;
B_1:0.40361293007471627;
C_1:0.03294216481484891;
