(A_1:2.8120904672536575,C_1:2.8120904672536575):0.0;
C_1:0.4942361363829743;
C_1:0.04529229618015124;
