C_1:2.399974517255288;
A_1:1.3029009717074198;
A_1:1.1482672776006104;
A_1:0.28000760262421664;
A_1:0.23321247756749441;
A_1:0.1686960182525652;
B_1:0.9531714804288715;
(C_1:0.6647196862364445,B_1:0.6647196862364445):0.11483895692723689;
C_1:0.6331008133085297;
B_1:0.3458328658467682;
C_1:0.22031784551791794;
C_1:0.17868831201090674;
C_1:0.01954502144066539;
