((B_1:0.6115396359913396,C_1:0.6115396359913396):1.7389732025753535,A_1:2.350512838566693):0.0;
A_1:1.4920997696422;
A_1:0.4706369801459578;
A_1:0.15714371033540453;
A_1:0.12016403192150604;
A_1:0.00758073462852793;
B_1:0.5888243969093758;
