((A_1:1.8341478412964216,C_1:1.8341478412964216):1.6388206238548424,B_1:3.472968465151264):0.0;
B_1:0.40360111028611434;
B_1:0.3743375087413476;
B_1:0.04212051659912891;
C_1:0.13411654868796902;
