(B_1:6.5142348608923495,A_1:6.5142348608923495):0.0;
A_1:1.432221041996936;
A_1:0.2281366065900876;
