(B_1:1.6316729795633615,A_1:1.6316729795633615):1.566519534474429;
B_1:0.5343697947339103;
B_1:0.4646772805615018;
