(B_1:1.051981968006372,C_1:1.051981968006372):2.9473269587586906;
B_1:0.4400513761555865;
B_1:0.00679386540579785;
