(A_1:3.559005034221747,B_1:3.559005034221747):0.0;
B_1:0.22036220286527614;
B_1:0.20272842478359537;
B_1:0.16988929571050093;
