A_1:2.869890608138867;
A_1:0.533025785997633;
A_1:0.49674508101437787;
C_1:1.2678534771318304;
