(E_1:2.9051173235726395,((A_1:0.984764379313565,B_1:0.984764379313565):1.1296062202246147,(C_1:0.924254447367536,D_1:0.9242544473675361):1.1901161521706436):0.79074672403446):0.0;
B_1:2.223360076352001;
D_1:0.5135694430213644;
