((B_1:1.2950732088391055,(C_1:1.005886806559704,D_1:1.0058868065597042):0.28918640227940157):2.1450965034298743,(F_1:2.439065950012871,E_1:2.439065950012871):1.0011037622561088):0.0;
C_1:0.1456996169338004;
D_1:0.6588735634626512;
D_1:0.4922400179162471;
