((D_1:1.197473800349348,A_1:1.1974738003493477):1.6301076023210577,(F_1:2.4493363907275927,E_1:2.4493363907275927):0.3782450119428128):0.0;
C_1:1.3190272864327421;
E_1:0.5665510310752506;
