((F_1:1.20513352117353,E_1:1.20513352117353):1.7256525562416507,(D_1:1.3806262030592973,(B_1:0.8168088241583278,C_1:0.8168088241583278):0.5638173789009693):1.550159874355883):0.0;
D_1:1.097283404241634;
D_1:0.7325310061199101;
