(F_1:2.2826200141168065,E_1:2.2826200141168065):0.5797465398242093;
F_1:1.091678090151892;
F_1:0.3011821598071835;
