((((A_1:0.8599687382491248,C_1:0.8599687382491248):0.2827369900165102,D_1:1.1427057282656352):1.3750887818763766,B_1:2.5177945101420116):0.07859033058993661,(E_1:1.0693465741689507,F_1:1.0693465741689507):1.5270382665629978):0.0;
(D_1:1.1899935749801247,A_1:1.1899935749801247):0.6603384714234211;
A_1:0.6824174353524861;
A_1:0.5733828894400099;
A_1:0.208648969651545;
B_1:0.6703249118340084;
D_1:0.42986101234452295;
