(E_1:4.034972832045372,((B_1:1.2697293364689686,D_1:1.2697293364689686):1.0368835582448703,A_1:2.306612894713839):1.728359937331533):0.0;
B_1:0.3160356281150743;
D_1:0.6000267603690366;
