(((D_1:1.2988682638699203,C_1:1.2988682638699203):0.7132889685435954,A_1:2.0121572324135157):0.7898122225146085,F_1:2.801969454928124):0.0;
D_1:0.5450599298083827;
F_1:0.6710265503435637;
E_1:0.30635873878487513;
