(((A_1:0.9615546405655422,C_1:0.9615546405655422):0.16707313964041762,(D_1:0.880589831512632,B_1:0.8805898315126319):0.24803794869332782):1.5034226201644643,(E_1:1.093639033850967,F_1:1.093639033850967):1.5384113665194572):0.0;
(B_1:0.8825074575687987,A_1:0.8825074575687987):0.2896753370430242;
A_1:0.7413907633359408;
B_1:0.6912178606325141;
B_1:0.4180578551761569;
D_1:0.15446538511405983;
E_1:0.10323184223646681;
