((E_1:1.6813241752596733,F_1:1.6813241752596733):0.8782923402655636,(C_1:1.4782482789054845,A_1:1.4782482789054845):1.0813682366197521):0.0;
D_1:1.8431513382978588;
F_1:1.0248654562407253;
F_1:0.8621534034118266;
E_1:0.058000572274810674;
