(E_1:2.6205502527695343,((B_1:1.0729595462201333,A_1:1.0729595462201333):0.950093598516956,D_1:2.0230531447370894):0.5974971080324449):0.0;
A_1:0.6474945456368667;
D_1:0.46635950091114564;
D_1:0.41581459183329395;
D_1:0.32370485750443895;
