((C_1:1.3387821834651128,D_1:1.338782183465113):2.2627756804131076,A_1:3.60155786387822):0.0;
((C_1:0.7079347825830227,B_1:0.7079347825830227):0.3593125447329478,(D_1:0.8517335544292836,A_1:0.8517335544292834):0.21551377288668702):1.0664026538896487;
D_1:0.7649198162339061;
D_1:0.3805666895586511;
D_1:0.24725427406432365;
D_1:0.1676942877210944;
