E_1:2.96927100517508;
E_1:2.1329195080446848;
F_1:1.280515121448312;
F_1:0.5964010137688707;
F_1:0.16954758664335345;
F_1:0.08761141847897236;
