(E_1:3.1247957231976287,(C_1:1.4389143206726136,A_1:1.4389143206726136):1.6858814025250153):0.06260723545538906;
A_1:0.7966320540910627;
A_1:0.40641532240572453;
A_1:0.37483286757281575;
A_1:0.3628857818167014;
A_1:0.009258073642860465;
C_1:0.2542510817630444;
F_1:0.6547038876950266;
F_1:0.33395895842112816;
E_1:0.12179703846526405;
