((A_1:2.4318679606381153,C_1:2.4318679606381157):1.3993153052587428,F_1:3.8311832658968585):0.0;
C_1:1.2374770192501061;
C_1:0.09774536101351627;
