((F_1:1.1389121171185599,E_1:1.1389121171185599):1.351689861977608,C_1:2.490601979096168):0.0;
C_1:0.7044856125514798;
(E_1:0.8421211948317742,F_1:0.8421211948317742):0.9735199063477618;
F_1:0.1595920536344102;
F_1:0.04083785852806854;
