((D_1:2.2117708811132015,((A_1:0.874982769265437,B_1:0.874982769265437):0.22845000677037375,C_1:1.103432776035811):1.1083381050773906):0.8232734602073787,(E_1:0.4591044812319713,F_1:0.4591044812319713):2.5759398600886088):0.0;
D_1:1.654730487567932;
B_1:0.14917536828707334;
D_1:0.7739880044908765;
E_1:0.07593648241083664;
