(((D_1:1.6081973612022102,C_1:1.60819736120221):1.368007797223807,(B_1:1.7607122971035574,A_1:1.7607122971035574):1.2154928613224594):1.6627559037086095,E_1:4.6389610621346264):0.0;
A_1:0.14181459652556117;
C_1:0.6289341604454534;
E_1:0.4815520730598723;
