((C_1:1.011882925428549,A_1:1.011882925428549):3.396848085549247,(D_1:2.9625227325469625,(F_1:1.8139799737085565,E_1:1.8139799737085565):1.1485427588384063):1.4462082784308332):0.0;
(E_1:1.4002360104648301,F_1:1.4002360104648301):0.26887789502610104;
E_1:1.4831753615713679;
F_1:1.4316195489782395;
E_1:1.28186616421596;
F_1:0.7788841974411493;
