(((E_1:0.4302028317035923,F_1:0.4302028317035923):2.0229342124632175,(B_1:1.60770643717276,(D_1:1.1051306638076412,A_1:1.1051306638076412):0.5025757733651189):0.8454306069940495):1.5992567434023608,C_1:4.05239378756917):0.0;
A_1:0.40447991531680755;
C_1:0.507032918573924;
D_1:0.24928404411504823;
(F_1:0.6915863952222365,E_1:0.6915863952222365):1.2898190994616188;
