((E_1:0.5000088273973119,F_1:0.5000088273973119):2.9340903808999443,(D_1:1.336756140678451,((B_1:0.7790375746686615,C_1:0.7790375746686615):0.21906013615397696,A_1:0.9980977108226384):0.3386584298558124):2.097343067618805):0.0;
A_1:1.4130139766986458;
D_1:1.0603364196600311;
A_1:0.7572845543632319;
F_1:1.8871091460132987;
F_1:0.2208788708140898;
