((A_1:2.1224286642202554,C_1:2.122428664220256):0.3278355942640506,(F_1:1.980001962297031,E_1:1.980001962297031):0.47026229618727544):0.0;
((B_1:1.2353578519122994,C_1:1.2353578519122994):0.3463690003776958,A_1:1.5817268522899952):0.3227903241981598;
A_1:0.12218267316978759;
B_1:0.36455166789802;
C_1:0.3599385246487097;
