(E_1:2.378315271237636,(B_1:1.7405647420788497,(C_1:1.109652781605573,D_1:1.1096527816055732):0.6309119604732766):0.6377505291587864):0.40681192120129006;
D_1:0.6357855692772808;
E_1:1.9032037002768756;
(F_1:0.7272168875293623,E_1:0.7272168875293623):0.5261684936104618;
F_1:0.2509922669031277;
F_1:0.14507728170190382;
