(A_1:1.948386933232746,(C_1:1.1938790869933493,B_1:1.1938790869933493):0.7545078462393965):1.330883375036814;
A_1:0.305960911334366;
C_1:0.3253360263718858;
