(E_1:3.5840847695159357,(C_1:1.2060918873068471,A_1:1.2060918873068471):2.3779928822090883):0.0;
D_1:1.4964019021587616;
B_1:0.506269804620338;
