((F_1:0.9083927174072426,E_1:0.9083927174072426):1.5452513338178782,((B_1:1.283657855689314,C_1:1.283657855689314):0.7443091629025061,D_1:2.0279670185918204):0.4256770326333006):0.0;
D_1:0.7786899132963139;
D_1:0.24308266302689263;
(F_1:0.4662602274253601,E_1:0.4662602274253601):1.2203920194914009;
E_1:1.3054729028556682;
F_1:0.940003909957194;
E_1:0.8342580814114604;
F_1:0.5583282294235534;
E_1:0.32952683211553707;
E_1:0.2745804920505402;
E_1:0.2628655843115941;
