(B_1:3.2312457431812063,((D_1:2.0414510866578466,C_1:2.0414510866578466):0.9706156208898872,F_1:3.012066707547734):0.2191790356334726):0.0;
A_1:0.8032764276255592;
C_1:0.7107266418600352;
