((F_1:1.128690399806896,E_1:1.128690399806896):3.84805424297452,(A_1:1.6790026314575432,D_1:1.6790026314575435):3.297742011323873):0.0;
A_1:0.5884282861953082;
E_1:0.4694270156006494;
