A_1:3.216450634608717;
A_1:0.011496671625522037;
