((E_1:2.34616737998612,C_1:2.34616737998612):1.711901745209283,((D_1:1.5781078293360067,(B_1:0.8591520258792144,A_1:0.8591520258792144):0.7189558034567923):0.8250394436805819,F_1:2.4031472730165886):1.6549218521788145):0.0;
A_1:0.017935527582544353;
D_1:0.3038030071130183;
D_1:0.09765581093620868;
F_1:2.2606040360267157;
F_1:0.4626410749479885;
F_1:0.3164381309763104;
