((A_1:0.9958678406790078,D_1:0.9958678406790078):1.9748632559362214,((F_1:0.9052941975126281,E_1:0.9052941975126281):1.5678039936292762,B_1:2.4730981911419043):0.4976329054733249):0.0;
C_1:1.9084117615927232;
A_1:1.552752441284938;
