(F_1:1.8023995681793075,E_1:1.8023995681793075):1.8972322112187885;
C_1:0.4753506115223536;
F_1:1.0795998948990193;
F_1:0.4171859710539411;
