A_1:2.9037875641858335;
A_1:0.2143009734784339;
A_1:0.008099060069115427;
(F_1:0.4132315162423762,E_1:0.4132315162423762):1.5438678799812457;
(F_1:0.5569786271505601,E_1:0.5569786271505601):0.07241649604485412;
