(E_1:2.608288473865595,(D_1:2.362915926650742,(B_1:1.4413612503426327,C_1:1.4413612503426327):0.9215546763081095):0.24537254721485297):0.0;
A_1:0.6384262972047716;
B_1:0.4438478965594717;
