F_1:2.3851635442889134;
E_1:1.7259698988336625;
