(((A_1:1.0945171631817505,(C_1:0.8318366248446903,B_1:0.8318366248446903):0.2626805383370602):2.16978424948571,(F_1:0.6374714837203971,E_1:0.6374714837203971):2.626829928947063):0.2795581789037214,D_1:3.5438595915711817):0.0;
A_1:0.2203426130545335;
(F_1:0.3168861777353019,E_1:0.3168861777353019):1.2314590061639232;
E_1:0.14687091794037535;
F_1:0.1648252614175344;
