(E_1:4.04226853385592,(C_1:2.6462156524121916,(D_1:0.9766327267957596,B_1:0.9766327267957595):1.669582925616432):1.396052881443729):0.0;
((C_1:0.9716819970563824,D_1:0.9716819970563825):0.4767037397208271,(B_1:1.0145847187592667,A_1:1.0145847187592667):0.4338010180179427):0.22924524770013655;
C_1:1.332911636785298;
C_1:0.20272552892247242;
C_1:0.10835734945906783;
(E_1:0.41734254968554607,F_1:0.41734254968554607):1.8238476536853305;
E_1:0.3192603906845925;
F_1:0.19743935870229967;
