A_1:3.5335347249440248;
A_1:0.14834411024362326;
