((D_1:1.0071811892201599,((B_1:0.8495521283242837,C_1:0.8495521283242837):0.06870727653634147,A_1:0.9182594048606252):0.08892178435953466):2.200951516222025,E_1:3.208132705442185):0.0;
A_1:0.17045351133775066;
D_1:0.6536602534324905;
D_1:0.4225419186263942;
E_1:2.033788927909984;
(E_1:0.40363187101245274,F_1:0.40363187101245274):0.7432163760113593;
F_1:0.2266941634457395;
