((D_1:0.9781732569886169,C_1:0.9781732569886168):2.939696090237728,(F_1:0.3770460239849819,E_1:0.3770460239849819):3.5408233232413635):0.0;
D_1:0.3330755740279264;
F_1:1.2206810128977945;
