((F_1:1.3978221702121427,E_1:1.3978221702121427):2.324415505570368,(C_1:2.47331575505022,(A_1:0.8536010012485662,B_1:0.8536010012485662):1.6197147538016536):1.2489219207322906):0.0;
A_1:0.4421578761577756;
F_1:0.246295096246925;
