(F_1:5.581448662330615,(D_1:1.8521344657698393,(A_1:1.3791571244008978,C_1:1.3791571244008978):0.47297734136894126):3.7293141965607757):0.0;
A_1:0.602660889945879;
A_1:0.5433713502944236;
E_1:2.283208189854362;
F_1:0.2777814579884515;
