(F_1:4.0368918579965225,(D_1:0.9865040800235148,B_1:0.9865040800235148):3.0503877779730075):0.0;
D_1:1.3652769705895724;
(C_1:1.1709185056776843,B_1:1.1709185056776843):0.04484367924774735;
C_1:0.4951396766907062;
C_1:0.40503417744505177;
D_1:0.7166073485106599;
D_1:0.6287751773186443;
D_1:0.10005641369690721;
