(D_1:4.269197925114923,(C_1:1.0471565942672092,A_1:1.0471565942672092):3.2220413308477136):0.0;
A_1:1.0864985418173703;
D_1:1.057640451702916;
C_1:0.31857635984386357;
D_1:0.03275646937502652;
D_1:0.01825431276946421;
