((F_1:1.7384920230791896,E_1:1.7384920230791896):4.808709514064519,((B_1:0.8525956682127463,C_1:0.8525956682127463):0.5621788133128984,D_1:1.414774481525645):5.132427055618064):0.0;
E_1:1.5403323122230141;
E_1:1.308073691989043;
