F_1:6.026027628940701;
A_1:0.6446982961895864;
