(((B_1:1.2697224438802523,A_1:1.2697224438802523):0.42537007789205605,(D_1:0.9130421637736129,C_1:0.9130421637736128):0.7820503579986956):1.1593555446229769,(E_1:2.533564875802705,F_1:2.533564875802705):0.32088319059257986):0.0;
B_1:0.29079804547472315;
B_1:0.08371166471775071;
F_1:0.17953512401994895;
