E_1:2.5342479920271703;
(E_1:0.3461895677725028,F_1:0.3461895677725028):1.4764299174841544;
E_1:1.708193320108957;
