((B_1:1.3082609946276937,D_1:1.3082609946276937):2.1269446780664336,A_1:3.4352056726941274):0.0;
B_1:0.9259407745459284;
A_1:0.49277307208734894;
