F_1:2.924780702393947;
((C_1:1.0948331566447453,A_1:1.0948331566447453):0.13644265650723106,D_1:1.2312758131519765):0.8270756325803748;
D_1:0.48752950123216593;
F_1:0.18070315989032373;
