(D_1:2.380482092763565,(A_1:0.8051986150218575,C_1:0.8051986150218575):1.5752834777417077):0.10202029163991241;
A_1:0.3728400938290654;
A_1:0.1335350989674532;
