(A_1:4.229766947689616,(C_1:1.0724154466889981,B_1:1.0724154466889981):3.157351501000618):0.0;
B_1:0.7985356574328113;
B_1:0.22125478980388197;
B_1:0.16232203318529415;
(E_1:0.6646382023614704,F_1:0.6646382023614704):1.3626468052831946;
F_1:1.027524906297628;
F_1:0.2836121784872359;
