(A_1:1.9190374317331609,(C_1:0.9888473769244398,B_1:0.9888473769244398):0.9301900548087211):0.493365231598029;
D_1:0.8522908202416145;
D_1:0.4196067628169916;
D_1:0.2033026482132395;
D_1:0.1341702254950301;
