((A_1:2.781863491164743,E_1:2.781863491164743):0.002018914638599035,B_1:2.7838824058033422):0.0;
A_1:1.0397490142921328;
C_1:0.5754865955328683;
