(E_1:3.3962483536148698,((B_1:1.084109581687605,A_1:1.084109581687605):0.09198532092981088,C_1:1.176094902617416):2.2201534509974534):0.0;
B_1:0.3654994315574644;
E_1:0.2005372943040708;
E_1:0.18962139367191683;
