(((D_1:1.0419229081504588,C_1:1.0419229081504586):2.1112874340963894,A_1:3.153210342246848):0.6813192510481092,(F_1:1.201859023603591,E_1:1.201859023603591):2.632670569691366):0.0;
D_1:0.37076237651327815;
F_1:0.09332359118409403;
