(C_1:3.6399235945634594,(B_1:0.8262674921188637,D_1:0.826267492118864):2.813656102444596):0.0;
((B_1:1.0780728575794531,D_1:1.0780728575794534):0.22966667136766206,A_1:1.3077395289471152):0.0032808430685165035;
A_1:0.7030770832322142;
B_1:0.45078159056477807;
B_1:0.2720586750520714;
B_1:0.05374486003240686;
D_1:0.1667224569337773;
