((F_1:0.8305806770545421,E_1:0.8305806770545421):1.7387803609400359,((D_1:1.1730683749262834,B_1:1.1730683749262834):0.18872371618799785,(C_1:1.3225828428656232,A_1:1.3225828428656232):0.03920924824865807):1.207568946880297):0.0;
D_1:1.5742646980191077;
B_1:1.220886370797312;
(A_1:1.0395443246904175,D_1:1.0395443246904177):0.13952078104932797;
C_1:0.6957376106778119;
C_1:0.16378494514693387;
D_1:0.3146204865796054;
D_1:0.2904141404026792;
E_1:0.03055196750008521;
