F_1:4.2591473908051185;
(A_1:1.5751872204300765,C_1:1.5751872204300765):0.6007352929871184;
(((D_1:0.8222232603148233,C_1:0.8222232603148232):0.061457539549893386,B_1:0.8836807998647166):0.054999939037021946,A_1:0.9386807389017385):0.39572086614572566;
C_1:1.0443794415006717;
A_1:0.6732368730700777;
(E_1:1.217463695624569,F_1:1.217463695624569):0.8075450094305103;
F_1:1.8675101978745459;
F_1:0.1714459252327828;
