((D_1:1.0746366960449836,(C_1:0.8702019679315713,B_1:0.8702019679315713):0.20443472811341212):1.9779876901038236,A_1:3.052624386148807):6.482639314294488;
(B_1:1.4320871576404515,(C_1:1.2878451262512347,A_1:1.2878451262512347):0.1442420313892167):0.2547650813355036;
A_1:0.39559537391786614;
A_1:0.01964333369309401;
C_1:0.01644514542035147;
