((C_1:1.6380358757625966,(B_1:1.2964518226683288,D_1:1.296451822668329):0.34158405309426765):0.8314731875993137,(F_1:1.3693013657488267,E_1:1.3693013657488267):1.1002076976130837):0.0;
B_1:1.5600605755105068;
B_1:1.0248835783655035;
A_1:0.6582874069099598;
C_1:0.11150547162009816;
