((B_1:1.2316540344880584,C_1:1.2316540344880584):5.928958615835774,E_1:7.1606126503238325):0.0;
B_1:0.7361199317089671;
B_1:0.025267640654831447;
E_1:2.0969292638867367;
F_1:1.1900387610190764;
E_1:0.20503993474514626;
