((A_1:0.8366706783699193,C_1:0.8366706783699193):1.7719373328594559,(F_1:2.2187002247392305,E_1:2.2187002247392305):0.389907786490145):0.0;
D_1:1.2776397421339758;
C_1:0.31893507961224876;
E_1:0.7628625504190412;
E_1:0.5977002407444618;
