(E_1:2.6477333203287703,((A_1:0.9563266356250218,(D_1:0.8974123042675888,B_1:0.8974123042675887):0.05891433135743318):0.2915712506012992,C_1:1.247897886226321):1.3998354341024495):0.0;
A_1:0.30204363964034625;
C_1:0.3015346500928487;
D_1:0.3180611605708431;
