E_1:2.364279608602796;
E_1:0.08182796763443426;
