((C_1:0.5745111960269104,(B_1:0.3943605373206868,A_1:0.39436053732068677):0.18015065870622354):2.7525171420065178,D_1:3.3270283380334273):0.0;
A_1:0.3871874475662128;
E_1:2.0639681877215685;
