(E_1:3.641224807670669,(A_1:1.1077299567185381,(D_1:1.0024066637886584,(B_1:0.5379052308144118,C_1:0.5379052308144118):0.4645014329742466):0.10532329292987991):2.5334948509521302):0.0;
C_1:0.10385317649896603;
D_1:0.5149766316910372;
E_1:0.18853583785935574;
E_1:0.12856109918868286;
