((B_1:1.5127222767414168,(A_1:0.862175630219098,D_1:0.862175630219098):0.6505466465223187):0.925060004925415,C_1:2.4377822816668315):2.0475703284138325;
(A_1:0.3431779792489018,C_1:0.3431779792489018):1.009565383528669;
D_1:0.7313004418124938;
D_1:0.23076813638498894;
D_1:0.15616907597931817;
