(((C_1:0.6474013236886973,B_1:0.6474013236886973):0.572135671437924,A_1:1.2195369951266213):1.5078211488712914,(E_1:0.31168122810884735,F_1:0.31168122810884735):2.4156769158890654):0.0;
((D_1:1.038224375835066,(C_1:0.3070111136426181,B_1:0.3070111136426181):0.7312132621924478):0.09106282466396341,A_1:1.1292872004990293):0.7139934148197911;
F_1:0.85264417435887;
E_1:0.7773563829716408;
E_1:0.15675301129434013;
E_1:0.10661423072382387;
