F_1:3.4311354890353556;
E_1:0.43242434178688577;
E_1:0.09103389100500814;
