((A_1:0.4762732234470715,(B_1:0.46972612995131624,C_1:0.46972612995131624):0.006547093495755298):1.9815741875646231,D_1:2.4578474110116946):0.0;
D_1:0.412527433702925;
E_1:1.1861558152562983;
(E_1:0.44179379188811785,F_1:0.44179379188811785):0.7070384531779061;
E_1:0.028011090638771552;
