(E_1:0.41274926440975546,F_1:0.41274926440975546):2.282110612724488;
E_1:0.11825707085984491;
F_1:0.08454499883156047;
