((D_1:0.9779345827686374,A_1:0.9779345827686374):1.2338797224103997,C_1:2.211814305179037):0.3719924039358258;
C_1:1.0107001246944998;
C_1:0.031226218357182506;
