((((B_1:0.4466519377360466,A_1:0.4466519377360466):0.5459474350610969,D_1:0.9925993727971435):0.8580676711755686,C_1:1.8506670439727122):1.1293340121410265,(F_1:0.653719328611182,E_1:0.653719328611182):2.3262817275025567):0.0;
E_1:0.7744065096714994;
F_1:0.023611370321275138;
