(A_1:4.247509259625612,D_1:4.247509259625611):0.0;
F_1:1.0769375976003839;
F_1:0.8164216176150667;
