((F_1:3.1491074913462347,(((C_1:0.5270808906355141,A_1:0.527080890635514):0.34188908246003114,B_1:0.8689699730955452):0.8030181278303605,D_1:1.6719881009259057):1.477119390420329):0.521217075727219,E_1:3.670324567073454):0.0;
(C_1:0.31926885315841075,A_1:0.3192688531584107):0.35004179584093226;
A_1:0.542802146005344;
A_1:0.29400535408308165;
F_1:0.8786899975824234;
F_1:0.09861047302824813;
