(D_1:1.3403906988644105,((A_1:0.48637805180731536,C_1:0.4863780518073154):0.4020984036534484,B_1:0.8884764554607638):0.4519142434036468):3.139152800761158;
E_1:1.7454772030218895;
F_1:0.3143259157512072;
