((F_1:2.6128700067424084,D_1:2.6128700067424084):2.457513041706429,B_1:5.0703830484488375):0.0;
A_1:1.9763730933128059;
A_1:0.41870602367616483;
E_1:0.8998709004106409;
F_1:0.02555243388661882;
