((C_1:0.5898963187929631,(B_1:0.42765650572368374,A_1:0.42765650572368363):0.16223981306927937):4.408919157588606,((F_1:0.33217647580998627,E_1:0.33217647580998627):2.071834066474314,D_1:2.4040105422842997):2.594804934097269):0.0;
B_1:0.04125551848012843;
F_1:0.3312128552617523;
E_1:0.31465245835480776;
F_1:0.09880076459921666;
