(E_1:2.8806264290403902,F_1:2.8806264290403902):0.0;
(E_1:0.4082632975165262,F_1:0.4082632975165262):1.3875715293416069;
F_1:1.1747555581857967;
F_1:0.8474787874051775;
F_1:0.06299240260568983;
