(((B_1:2.1732099257248967,(C_1:0.8252631777459012,A_1:0.8252631777459012):1.3479467479789957):0.3467658613007162,D_1:2.5199757870256128):3.071558274622289,F_1:5.591534061647902):0.0;
C_1:0.5868428958915444;
A_1:0.20226330925987418;
D_1:0.0686110744584858;
F_1:0.03182595844412234;
