((D_1:0.9715590612738026,(B_1:0.7942970594169085,A_1:0.7942970594169085):0.17726200185689414):0.5450830248214682,C_1:1.516642086095271):2.381511414917739;
A_1:2.236570063789085;
B_1:0.11693561373082761;
