(F_1:2.40810088385834,((B_1:0.5457091258480595,A_1:0.5457091258480595):0.8070980435117905,C_1:1.35280716935985):1.05529371449849):1.2678293014549806;
(C_1:0.4126440638630955,B_1:0.4126440638630955):0.1946722011821168;
A_1:0.11835103178166317;
E_1:0.9656342707417791;
E_1:0.5151282916804507;
E_1:0.4879877612629943;
