((E_1:2.107810808622885,F_1:2.107810808622885):2.7706948650131604,(B_1:1.6625866083522447,(A_1:0.8215376308065927,C_1:0.8215376308065927):0.841048977545652):3.215919065283801):0.0;
B_1:0.022509896928689238;
E_1:2.1350354196479286;
E_1:0.5924776335392017;
(E_1:0.5520167305200872,F_1:0.5520167305200872):0.03962612480683414;
