((C_1:0.3740014169542959,B_1:0.3740014169542959):0.24427297221664107,A_1:0.6182743891709368):2.395397912050912;
B_1:1.5445808615560994;
A_1:0.6125236964207287;
