((((A_1:0.3006033931941973,B_1:0.3006033931941974):0.16256805327721924,C_1:0.4631714464714166):1.8489365633673596,F_1:2.3121080098387763):0.24385469559393722,D_1:2.555962705432713):0.0;
A_1:0.08392698924518494;
E_1:0.22910501672678124;
