(((B_1:0.6629653722015558,(C_1:0.3181852539350687,A_1:0.31818525393506863):0.3447801182664872):1.1559166609980172,D_1:1.818882033199573):1.075988035106567,(E_1:0.4438039109987615,F_1:0.4438039109987615):2.4510661573073786):0.0;
(B_1:0.9316646168517967,C_1:0.9316646168517967):0.1608229642695741;
B_1:0.0801097089577792;
B_1:0.046601547824561135;
D_1:0.36827089810939145;
