F_1:4.310595008396377;
E_1:1.1946981481318433;
