((E_1:0.44792932218951065,F_1:0.44792932218951065):2.2750472502514087,((B_1:0.7680620953818103,C_1:0.7680620953818103):1.2510842769836092,D_1:2.0191463723654195):0.7038302000754997):0.0;
C_1:0.13091543569702158;
E_1:1.7604094721050896;
