(B_1:1.3265630809773312,A_1:1.3265630809773312):1.70260279921521;
D_1:1.5739125450130866;
D_1:0.949574140001014;
