((B_1:2.6049797473350735,(D_1:1.2602435677425092,(A_1:0.3270209387525651,C_1:0.32702093875256516):0.9332226289899441):1.3447361795925643):1.8753913937256828,E_1:4.480371141060757):0.0;
D_1:2.1924965407497856;
(A_1:1.3725726640452451,(D_1:1.32512290405348,(B_1:0.3727821427416923,C_1:0.3727821427416923):0.9523407613117876):0.04744975999176525):0.27416702045601093;
D_1:0.5213299515963394;
E_1:1.514938007092781;
