((C_1:0.7442244913660093,B_1:0.7442244913660093):3.3422870632726425,A_1:4.086511554638651):0.0;
(C_1:0.815501528236247,B_1:0.815501528236247):0.06060229967338948;
B_1:0.7177349654213182;
B_1:0.4660750053614389;
B_1:0.3771103782752305;
C_1:0.2923636807124341;
C_1:0.28945859091805026;
C_1:0.026355483474073016;
