(A_1:2.137010321854863,(B_1:0.6354459268795467,C_1:0.6354459268795467):1.5015643949753164):0.0;
A_1:0.7790001265719346;
A_1:0.4089190479803103;
A_1:0.3515953718317161;
A_1:0.08111824336655249;
C_1:0.11220271629956563;
