((B_1:1.735585877702448,A_1:1.735585877702448):0.6739849681335481,C_1:2.4095708458359963):0.0;
A_1:0.22323166055306798;
B_1:0.27044030204939296;
B_1:0.1648456961787611;
