(A_1:2.5047367099511644,(C_1:1.0924383554199928,B_1:1.0924383554199928):1.4122983545311716):0.0;
A_1:0.9932845816403432;
A_1:0.36981126866026537;
A_1:0.2501082233906762;
B_1:0.6622063471892433;
B_1:0.3310877329138794;
B_1:0.2297371489494368;
