(A_1:1.2871008832161048,(C_1:0.6152489624487237,B_1:0.6152489624487237):0.671851920767381):0.0;
A_1:0.3806985001607005;
A_1:0.19201072189089663;
