(A_1:2.2660857528342624,(C_1:0.8260504158581123,B_1:0.8260504158581123):1.44003533697615):0.0;
A_1:0.5486301819743227;
A_1:0.4825448919830502;
A_1:0.1848197991824525;
A_1:0.07964735446858673;
A_1:0.03966696810316728;
C_1:0.22587318431882608;
