(B_1:3.2486724977190162,(A_1:1.3810994824178948,C_1:1.3810994824178948):1.8675730153011214):0.0;
A_1:0.6574918698563132;
A_1:0.4504669314607517;
A_1:0.40324670416739217;
C_1:0.6895199238947474;
B_1:0.06773655176188487;
C_1:0.45636851171589055;
