(C_1:1.6833064762824932,(A_1:1.0844963270326087,B_1:1.0844963270326087):0.5988101492498845):0.0;
A_1:0.006956790706047822;
B_1:0.16000004124171835;
C_1:0.21956944950087093;
