(C_1:2.4643531202034556,(B_1:1.2458412280995408,A_1:1.2458412280995408):1.2185118921039149):0.0;
A_1:0.24064300300266728;
B_1:0.22681978004741865;
B_1:0.2076839601900936;
C_1:0.1806972123505226;
C_1:0.021496901330622542;
