(A_1:2.9093267955725532,(B_1:1.0832039346820386,C_1:1.0832039346820386):1.8261228608905147):0.0;
B_1:0.36139358738548233;
C_1:0.018715676976216178;
