((C_1:0.7890080877110706,B_1:0.7890080877110706):1.3455849417649648,A_1:2.1345930294760356):0.0;
A_1:0.43987169318437214;
B_1:0.29537696775149846;
B_1:0.2805090091225292;
C_1:0.20158718197617292;
C_1:0.029249250417133554;
C_1:0.007934360077788971;
