((A_1:1.6403977106339762,C_1:1.6403977106339762):0.24699951918867033,B_1:1.8873972298226465):0.0;
B_1:0.3049240764530135;
B_1:0.27072194094967994;
B_1:0.16574140441866614;
