((B_1:2.584498412931019,A_1:2.584498412931019):0.31265897838017276,C_1:2.897157391311192):0.0;
A_1:0.9319260535527175;
A_1:0.7742933459812459;
B_1:0.4839439584381754;
C_1:0.2729145144133246;
C_1:0.18753682170090114;
