((C_1:0.5648598906594033,B_1:0.5648598906594033):3.543369053997438,A_1:4.108228944656841):0.0;
A_1:0.7041431752966809;
A_1:0.11895765914936529;
