((A_1:1.5996451900732227,B_1:1.5996451900732227):0.5229044281744017,C_1:2.1225496182476244):0.0;
B_1:0.25658168506365564;
B_1:0.03674577590612649;
B_1:0.018280176777161206;
