(A_1:4.13762896126036,(B_1:0.9860131192918078,C_1:0.9860131192918078):3.1516158419685523):0.0;
A_1:0.6706562703673403;
A_1:0.07214714683527834;
