(B_1:4.512023824723233,(C_1:1.4038977766535943,A_1:1.4038977766535943):3.108126048069639):0.0;
C_1:0.3226677188621464;
C_1:0.2828952102303226;
C_1:0.0044208282846522895;
