((A_1:1.0737975224519847,C_1:1.0737975224519847):0.13530501140041812,B_1:1.2091025338524028):0.0;
A_1:0.6831078450768019;
A_1:0.5387848753966474;
A_1:0.3215915382534028;
C_1:0.10324318247528452;
