(B_1:2.3986589439365185,(A_1:1.1983934029129313,C_1:1.1983934029129313):1.2002655410235872):0.0;
A_1:0.7856610848322876;
A_1:0.644291375461466;
A_1:0.34303587503553457;
B_1:0.06284028264112063;
