((A_1:1.298174737862878,C_1:1.298174737862878):2.0911224424406107,B_1:3.3892971803034886):0.0;
(B_1:0.6775048408316979,C_1:0.6775048408316979):0.09001958205559124;
B_1:0.062498744788853366;
C_1:0.17452037083593813;
C_1:0.028598774607388133;
