((B_1:1.3161382791136693,C_1:1.3161382791136693):0.2720236836633413,A_1:1.5881619627770105):0.0;
A_1:0.5069666406538019;
B_1:0.2445917689787494;
B_1:0.12445997331516367;
