(A_1:1.6147291313547631,(C_1:0.6445481476207435,B_1:0.6445481476207435):0.9701809837340196):0.0;
C_1:0.43349484681581796;
C_1:0.1981659275273504;
