((B_1:0.9065175922303519,C_1:0.9065175922303519):0.44581640259524485,A_1:1.3523339948255968):0.0;
A_1:0.9302224924983421;
A_1:0.16186791750201168;
B_1:0.45021315241932197;
B_1:0.09477197879018995;
C_1:0.08270870362038713;
