(B_1:1.719197860964414,(C_1:1.4098257580725326,A_1:1.4098257580725326):0.30937210289188144):0.0;
A_1:0.5477393931872239;
A_1:0.018209311950180274;
