(A_1:1.1446893893092966,(C_1:0.9735592593003246,B_1:0.9735592593003246):0.1711301300089721):0.0;
A_1:0.72252443552904;
A_1:0.6645927943129899;
A_1:0.1477697904815951;
B_1:0.27210548038967075;
B_1:0.0669124782439573;
C_1:0.016808675280525376;
