(A_1:1.2733144591093848,(C_1:0.6411897624014067,B_1:0.6411897624014067):0.6321246967079781):0.0;
A_1:0.6378230145702851;
B_1:0.12163842984175899;
C_1:0.23753469597560528;
