((B_1:1.0214926390698358,C_1:1.0214926390698358):0.38371926652359534,A_1:1.4052119055934311):0.0;
C_1:0.07297395345449464;
C_1:0.05480538719522765;
