((B_1:0.8317001017838068,C_1:0.8317001017838068):2.1436360592387245,A_1:2.9753361610225313):0.0;
A_1:0.9239994155173158;
A_1:0.642367302309042;
A_1:0.3591816294404737;
A_1:0.08781022399892824;
B_1:0.358680246676777;
