(C_1:4.948408392039448,(B_1:1.255326149666753,A_1:1.255326149666753):3.693082242372695):0.0;
A_1:0.2033600531641765;
A_1:0.17864224627985403;
C_1:0.4352461990391226;
C_1:0.4025138188138514;
C_1:0.20203323605150542;
