((C_1:3.2387806975651467,B_1:3.2387806975651467):1.8467138593564467,A_1:5.085494556921594):0.0;
A_1:0.7491074313457502;
B_1:0.41788058248886945;
B_1:0.36581902607788225;
B_1:0.2666853959064647;
B_1:0.10214312359822714;
C_1:0.3798393854203711;
