((C_1:3.25669769468591,B_1:3.25669769468591):0.22730952114946293,A_1:3.484007215835373):0.0;
A_1:0.7422300225528788;
A_1:0.08822984214490748;
C_1:0.060078514505302216;
