((A_1:1.2006531054195448,B_1:1.2006531054195448):0.41124962978740565,C_1:1.6119027352069506):0.0;
A_1:0.6437312137700921;
A_1:0.5792240535630343;
A_1:0.40383838056007737;
B_1:0.0699450481768254;
