(A_1:1.1939315707704194,(B_1:0.6616994088489278,C_1:0.6616994088489278):0.5322321619214918):0.0;
A_1:0.9722236836429601;
A_1:0.6706478893760552;
A_1:0.6531706523596507;
A_1:0.32283787104416417;
A_1:0.30908622276248887;
A_1:0.21357081795213495;
A_1:0.07595604426830616;
B_1:0.051568402210965036;
C_1:0.061039965256714845;
C_1:0.012304169877370319;
