((C_1:1.0662904267060231,B_1:1.0662904267060231):1.4214956444338402,A_1:2.4877860711398636):0.0;
A_1:0.9504485739172105;
A_1:0.32024283370237894;
B_1:0.6822232439251604;
B_1:0.06669840822753509;
C_1:0.18228145217372693;
