(A_1:3.8348659984839912,(C_1:1.2044287302100833,B_1:1.2044287302100833):2.6304372682739077):0.0;
A_1:0.971501868156308;
A_1:0.6934406181282515;
A_1:0.5118232565245235;
A_1:0.31612787167251855;
B_1:0.06548026453037903;
