(C_1:1.995386652278192,(A_1:1.3738654118953098,B_1:1.3738654118953098):0.6215212403828823):0.0;
A_1:0.2376105622763719;
B_1:0.5796289956841401;
B_1:0.1320023401663427;
