((B_1:1.2552272967426785,C_1:1.2552272967426785):1.0687809081018007,A_1:2.3240082048444792):0.0;
C_1:0.47582148665798346;
C_1:0.017801939180457083;
