((B_1:1.3046677758285516,C_1:1.3046677758285516):1.0869433771691737,A_1:2.3916111529977253):0.0;
A_1:0.6051358560289961;
A_1:0.5475283201470122;
A_1:0.4528119005316392;
A_1:0.3487470136491384;
