(A_1:1.514817426994075,(C_1:0.9324683567933159,B_1:0.9324683567933159):0.5823490702007592):0.0;
A_1:0.6385149326589796;
(C_1:0.5158105032017909,B_1:0.5158105032017909):0.3070248298267172;
(C_1:0.5974742687236979,B_1:0.5974742687236979):0.06337179850332408;
B_1:0.6132299432782662;
B_1:0.5701372715511204;
B_1:0.37452655535356943;
B_1:0.29614085688561054;
B_1:0.24368389589620104;
B_1:0.10540039606857293;
C_1:0.447715375798736;
C_1:0.3641503570109374;
