(C_1:1.6379917729489015,(A_1:1.0579774312685069,B_1:1.0579774312685069):0.5800143416803947):0.0;
A_1:0.0830858586247718;
B_1:0.3180762213277839;
