(A_1:1.9238764313502683,(C_1:1.302955714529976,B_1:1.302955714529976):0.6209207168202925):0.0;
A_1:0.5874505332880852;
A_1:0.09482989333704717;
A_1:0.08655545815292032;
