((A_1:1.0794157833441387,B_1:1.0794157833441387):0.5798694835153865,C_1:1.6592852668595253):0.0;
A_1:0.2260054232048172;
B_1:0.6479751274201668;
