((A_1:1.0397290044078822,B_1:1.0397290044078822):0.14118382695808435,C_1:1.1809128313659665):0.0;
A_1:0.5820626675342451;
A_1:0.3965448293234124;
