(C_1:2.195227693536214,(B_1:1.3788849058300165,A_1:1.3788849058300165):0.8163427877061974):0.0;
A_1:0.42513110711651747;
C_1:0.24475815403094459;
