(A_1:1.6672016886190146,(C_1:1.199332724509791,B_1:1.199332724509791):0.4678689641092238):0.0;
A_1:0.8194409402447733;
A_1:0.7498270721054267;
A_1:0.7363744228782205;
B_1:0.6497666466492481;
B_1:0.2708504489389517;
