((B_1:0.6162581176400839,C_1:0.6162581176400839):0.7878373622860539,A_1:1.4040954799261378):0.0;
A_1:0.9754242025010496;
A_1:0.31911661201524233;
C_1:0.13326838224866977;
