((B_1:1.3323058411954265,C_1:1.3323058411954265):2.9292786584968993,A_1:4.261584499692326):0.0;
B_1:0.33250655173396715;
B_1:0.3060534200234716;
C_1:0.3255765903064596;
C_1:0.0722640538773901;
