((B_1:1.4095313224955233,C_1:1.4095313224955233):0.4263211338792582,A_1:1.8358524563747816):0.0;
A_1:0.9614957649782143;
A_1:0.809894119074589;
A_1:0.5853341499563256;
