(A_1:2.116453715498869,(B_1:0.9016653676710107,C_1:0.9016653676710107):1.214788347827858):0.0;
A_1:0.5375750757153188;
(B_1:0.8893381849461386,C_1:0.8893381849461386):0.07646938128002767;
B_1:0.3466792855889643;
B_1:0.20615885170723847;
