((B_1:0.603553849945464,C_1:0.603553849945464):2.0645929910030034,A_1:2.6681468409484674):0.0;
A_1:0.7125197460495494;
B_1:0.5981996389359998;
B_1:0.0067556082911843784;
