(A_1:1.335365171690245,(B_1:0.8624523072162238,C_1:0.8624523072162238):0.4729128644740212):0.0;
C_1:0.7808338882166825;
C_1:0.44715638800758367;
C_1:0.34110155841060796;
