(A_1:1.454155037497385,(C_1:0.7300344123166144,B_1:0.7300344123166144):0.7241206251807706):0.0;
A_1:0.09018809828195062;
B_1:0.2184891099335528;
C_1:0.12360208646956838;
