((B_1:1.0485511877549176,C_1:1.0485511877549176):0.29670396711360036,A_1:1.3452551548685179):0.0;
A_1:0.16418775549390263;
C_1:0.17026866014913655;
