((B_1:1.2391272929648198,A_1:1.2391272929648198):0.025109065462671526,C_1:1.2642363584274914):0.0;
B_1:0.01036909686082843;
C_1:0.3941939738059188;
C_1:0.18894016991484902;
C_1:0.1555671216317247;
