(A_1:1.9752579347709416,(B_1:1.1978126132349662,C_1:1.1978126132349662):0.7774453215359753):0.0;
A_1:0.9555931633568486;
A_1:0.1723414408534656;
B_1:0.4133579675637703;
