((C_1:0.849388255837253,B_1:0.849388255837253):5.173017869177467,A_1:6.02240612501472):0.0;
A_1:0.17547811488163267;
B_1:0.40837114950374004;
B_1:0.3724389256498807;
