(C_1:1.470297272326179,(A_1:1.0042509582290426,B_1:1.0042509582290426):0.4660463140971363):0.0;
A_1:0.1341480469478682;
C_1:0.17627884155840184;
