((A_1:1.2089000081203263,B_1:1.2089000081203263):1.1432023795739716,C_1:2.352102387694298):0.0;
B_1:0.9388489283713571;
C_1:0.2938656493365135;
