(A_1:1.3626992992184588,(C_1:1.3357965900394937,B_1:1.3357965900394937):0.026902709178965103):0.0;
C_1:0.661705830127754;
C_1:0.5628837028397218;
C_1:0.04180126310942944;
