(C_1:2.9452139239797255,(A_1:1.7267793793677515,B_1:1.7267793793677515):1.2184345446119742):0.0;
B_1:0.30400007752531877;
C_1:0.0034524963626527128;
