((B_1:0.7126258918876434,C_1:0.7126258918876434):1.6921068156335577,A_1:2.404732707521201):0.0;
A_1:0.18627053671636373;
A_1:0.029487333766045953;
C_1:0.31578804747126377;
