((B_1:1.0948052871375171,A_1:1.0948052871375171):0.4745688765502986,C_1:1.5693741636878158):0.0;
C_1:0.20601542627145691;
C_1:0.19605407317727308;
