((C_1:0.8750018138960478,B_1:0.8750018138960478):0.5309202367080317,A_1:1.4059220506040795):0.0;
A_1:0.3607165574803508;
B_1:0.3692395054211128;
B_1:0.11196711818192212;
