(B_1:1.2425114244686337,(C_1:1.097509341995965,A_1:1.097509341995965):0.1450020824726688):0.0;
A_1:0.49139169566484675;
C_1:0.1451219510995191;
