((C_1:0.7232542139174638,B_1:0.7232542139174638):2.671005610853971,A_1:3.394259824771435):0.0;
A_1:0.4937549932968872;
B_1:0.09472994160794529;
B_1:0.08146688685518061;
