(C_1:2.135485075981376,(B_1:1.0139916264139093,A_1:1.0139916264139093):1.1214934495674669):0.0;
A_1:0.9685911664093663;
A_1:0.1763136908280878;
