(A_1:1.9240042850936674,(C_1:0.6451673802411029,B_1:0.6451673802411029):1.2788369048525645):0.0;
A_1:0.3694530968123064;
A_1:0.2864426470628607;
B_1:0.4435419293556347;
