((A_1:1.8099536164751888,C_1:1.8099536164751888):0.5500057822240617,B_1:2.3599593986992504):0.0;
B_1:0.4903869627573425;
C_1:0.262707621837248;
