(A_1:1.4721669264493105,(B_1:0.7578625111348816,C_1:0.7578625111348816):0.7143044153144289):0.0;
C_1:0.5287821669399788;
B_1:0.2818246759427008;
B_1:0.25304606029469556;
B_1:0.1312069661583919;
B_1:0.043484938165325504;
