((B_1:1.179809658697026,A_1:1.179809658697026):0.4244934074093076,C_1:1.6043030661063336):0.0;
A_1:0.9924179125069473;
A_1:0.8227446717862262;
A_1:0.24966120444321904;
A_1:0.16902418726272783;
A_1:0.12516473343545942;
C_1:0.18366753286140447;
C_1:0.01082385194268054;
