((A_1:1.009731580970106,B_1:1.009731580970106):1.473444627418441,C_1:2.4831762083885467):0.0;
A_1:0.6400473426357511;
C_1:0.23450327349334266;
