(C_1:1.811383058943945,(B_1:1.0041145536505838,A_1:1.0041145536505838):0.8072685052933614):0.0;
A_1:0.8875281375500721;
A_1:0.27888586090775647;
C_1:0.83795359773164;
C_1:0.528441987821263;
C_1:0.15858097744759309;
