((C_1:3.0066486376841137,A_1:3.0066486376841137):0.06879679834787614,B_1:3.07544543603199):0.0;
A_1:0.11830292545524013;
A_1:0.031015446713245964;
