(A_1:1.8112563708269431,(B_1:1.3400244430877315,C_1:1.3400244430877315):0.47123192773921174):0.0;
C_1:0.9033846280621238;
B_1:0.427774856941302;
