((B_1:1.0273743035448755,A_1:1.0273743035448755):1.23335770342443,C_1:2.2607320069693055):0.0;
A_1:0.3288322906291158;
A_1:0.14411029321660473;
C_1:0.2705187340428906;
