(A_1:2.0347208107786754,(C_1:0.8792600089786864,B_1:0.8792600089786864):1.155460801799989):0.0;
A_1:0.35745869049175427;
B_1:0.3272596178291558;
