((A_1:1.0690502721357635,C_1:1.0690502721357635):2.4938000865452037,B_1:3.5628503586809672):0.0;
A_1:0.49248274340187836;
A_1:0.40378872177159986;
B_1:0.2433809790148206;
