((B_1:1.2267665348392696,A_1:1.2267665348392696):1.8922648261836064,C_1:3.119031361022876):0.0;
A_1:0.40688427952128736;
C_1:0.09396288603286829;
