((C_1:0.8948864875429855,B_1:0.8948864875429855):1.0526054807789962,A_1:1.9474919683219816):0.0;
A_1:0.5604629105977976;
C_1:0.03803724244431772;
