((B_1:0.7905202580546947,C_1:0.7905202580546947):1.7914940279655411,A_1:2.582014286020236):0.0;
B_1:0.47525386272103093;
B_1:0.3706695289217482;
