(C_1:2.0710375201772635,(B_1:1.4364098346600724,A_1:1.4364098346600724):0.6346276855171911):0.0;
A_1:0.19632077996393094;
C_1:0.22513016065574498;
C_1:0.1493713233375139;
