((B_1:0.8560047879752166,C_1:0.8560047879752166):0.5448314849624425,A_1:1.400836272937659):0.0;
C_1:0.6482318286460407;
B_1:0.38481593684044013;
B_1:0.03428707813012821;
C_1:0.11269407335514031;
