((B_1:0.6826748605290787,C_1:0.6826748605290787):2.4485501412845876,A_1:3.1312250018136663):0.0;
A_1:0.6797876366690232;
C_1:0.23949419864534177;
C_1:0.07135159082308362;
