((C_1:1.7522014530356826,B_1:1.7522014530356826):0.6456531199981496,A_1:2.397854573033832):0.0;
A_1:0.32811141801542065;
(C_1:0.7550909417903284,B_1:0.7550909417903284):0.03871613728666656;
B_1:0.7112657061233746;
B_1:0.1830911317455735;
B_1:0.108137486997961;
B_1:0.07412667078484586;
