(A_1:1.679803378702061,(B_1:0.700029763293059,C_1:0.700029763293059):0.9797736154090019):0.0;
A_1:0.1286443820580938;
B_1:0.1229980823803104;
