((C_1:1.3809415176315134,B_1:1.3809415176315134):1.0236841578297307,A_1:2.404625675461244):0.0;
C_1:0.6676400381958332;
C_1:0.5581163118089456;
C_1:0.32905688982213865;
C_1:0.04146071451778954;
