(A_1:1.2395512962185964,(C_1:0.904915078069809,B_1:0.904915078069809):0.3346362181487875):0.0;
A_1:0.5719257846477965;
A_1:0.22477126131590952;
C_1:0.2121337326834316;
