(A_1:1.4780479422113322,(B_1:1.1607441646767294,C_1:1.1607441646767294):0.31730377753460287):0.0;
C_1:0.9050942070377456;
C_1:0.5287488186660585;
B_1:0.0955644985914409;
C_1:0.47497285944896595;
