(B_1:4.0544084347136335,(C_1:1.062385847505179,A_1:1.062385847505179):2.9920225872084547):0.0;
A_1:0.7466700940331635;
A_1:0.7039436356756628;
A_1:0.24678446456357228;
(C_1:0.5484087096770314,B_1:0.5484087096770314):0.0765077958874254;
