(C_1:1.4938824952999057,(B_1:1.1570313676111885,A_1:1.1570313676111885):0.3368511276887171):0.0;
A_1:0.5169595101870694;
A_1:0.1319336376047877;
A_1:0.06797785624051733;
(B_1:0.9150588438862526,C_1:0.9150588438862526):0.030256335278572077;
(C_1:0.6365203832222556,B_1:0.6365203832222556):0.10489717111136743;
B_1:0.2071788487735548;
B_1:0.05517708695802248;
