((A_1:1.164720775579874,C_1:1.164720775579874):0.06353784630017197,B_1:1.228258621880046):0.0;
A_1:0.08644911182569381;
B_1:0.1801208956521123;
