(C_1:2.0167793122968827,(B_1:1.1619746478284592,A_1:1.1619746478284592):0.8548046644684235):0.0;
A_1:0.1828602604435764;
A_1:0.14211236018453532;
A_1:0.13321025105537376;
B_1:0.9661105626427767;
(C_1:0.5376546450243495,B_1:0.5376546450243495):0.10123193356006588;
B_1:0.49124562505725905;
B_1:0.3219885811548477;
B_1:0.23957686851579224;
