((B_1:1.1774555379805587,A_1:1.1774555379805587):0.44170535290942203,C_1:1.6191608908899808):0.0;
A_1:0.7902251422554505;
A_1:0.10578828971848464;
A_1:0.07139265471243728;
