(A_1:2.3740658563658785,(C_1:0.592765108604259,B_1:0.592765108604259):1.7813007477616196):0.0;
C_1:0.4983455547171117;
C_1:0.34752623212017175;
C_1:0.22605328452175039;
C_1:0.19174629198165183;
