((A_1:1.178577906848236,B_1:1.178577906848236):0.41327508625666914,C_1:1.5918529931049052):0.0;
A_1:0.3795101746501547;
C_1:0.8330188471174654;
B_1:0.34960527539991737;
