((B_1:0.5315357935767137,C_1:0.5315357935767137):2.37247882122657,A_1:2.904014614803284):0.0;
A_1:0.8523177793486887;
A_1:0.5236147902611064;
A_1:0.33436407775914045;
A_1:0.10964364420090766;
C_1:0.1583585383763168;
