((B_1:1.6210603493673652,C_1:1.6210603493673652):2.0430128764802276,A_1:3.6640732258475928):0.0;
B_1:0.8564259655602164;
C_1:0.2131590132986535;
