(A_1:1.6090980659609695,(C_1:1.2575759492194696,B_1:1.2575759492194696):0.3515221167414999):0.0;
A_1:0.8165906938529788;
C_1:0.45025599172024805;
C_1:0.2850481951065521;
C_1:0.2447120779647885;
