(A_1:2.2022692324109254,(B_1:0.5389434987395567,C_1:0.5389434987395567):1.663325733671369):0.0;
A_1:0.8855522818196956;
C_1:0.6767249787165841;
B_1:0.42592722368272296;
C_1:0.4336923242423596;
