((B_1:0.8486581945305276,C_1:0.8486581945305276):0.8069568844219097,A_1:1.655615078952437):0.0;
A_1:0.4848240247616534;
B_1:0.2633153017723946;
