(A_1:6.003150634441099,(C_1:0.6516386101680215,B_1:0.6516386101680215):5.351512024273078):0.0;
A_1:0.8446540860823002;
A_1:0.4852453989241341;
C_1:0.27681893372067634;
C_1:0.07634241388564411;
