(A_1:2.9209876952448237,(B_1:0.7072839163419637,C_1:0.7072839163419637):2.2137037789028597):0.0;
A_1:0.7990874716663627;
A_1:0.7834007631122052;
A_1:0.6811605028729941;
A_1:0.2502320023965272;
A_1:0.03866361094950088;
(C_1:0.5345260798309993,B_1:0.5345260798309993):0.26288428015124565;
B_1:0.43411475425025936;
B_1:0.3342689969215947;
C_1:0.40955409523812875;
C_1:0.1293435462608778;
