(A_1:1.1073504677837653,(C_1:0.8054299052862135,B_1:0.8054299052862135):0.3019205624975517):0.0;
A_1:0.3280338260393304;
A_1:0.2925876688456476;
