((B_1:3.8610076776602775,C_1:3.8610076776602775):0.6455910334347214,A_1:4.506598711094999):0.0;
C_1:0.39228427258755194;
C_1:0.2526543843791971;
C_1:0.2522143557825496;
