((A_1:1.50917003628629,C_1:1.50917003628629):0.6264139434942856,B_1:2.135583979780576):0.0;
A_1:0.4191869535778351;
C_1:0.3708772774520579;
C_1:0.2007277268604768;
C_1:0.10274615391826131;
