(A_1:1.2118460001070397,(B_1:1.1637347838043208,C_1:1.1637347838043208):0.04811121630271891):0.0;
B_1:0.6289021683364422;
B_1:0.021649918516996713;
