((C_1:0.9633193868875818,B_1:0.9633193868875818):0.1308200223954264,A_1:1.0941394092830081):0.0;
A_1:0.20133918235059522;
C_1:0.7301295040144633;
C_1:0.7174111503854608;
B_1:0.6975820009399138;
B_1:0.04299148429738264;
