((A_1:1.0347486549480989,B_1:1.0347486549480989):0.6244658649348781,C_1:1.659214519882977):0.0;
B_1:0.27991043742145677;
B_1:0.14200262612103287;
