((B_1:1.0494366912022433,A_1:1.0494366912022433):7.02620030241636,C_1:8.075636993618604):0.0;
C_1:0.8497141153795735;
B_1:0.8290163274559732;
