((B_1:1.0263168878076123,C_1:1.0263168878076123):1.0700576737209542,A_1:2.0963745615285667):0.0;
A_1:0.8794601104306623;
A_1:0.5709174634179279;
A_1:0.5587485409980607;
A_1:0.3506111356010606;
A_1:0.3366733535768667;
C_1:0.7904263049917892;
C_1:0.16836545656215607;
