(C_1:3.4268519345896546,(A_1:1.700461862522305,B_1:1.700461862522305):1.7263900720673495):0.0;
A_1:0.26413976205598466;
A_1:0.027583636939298994;
B_1:0.3496031420284129;
B_1:0.014644307188416583;
C_1:0.4511770608659578;
