((B_1:0.5021844070389757,C_1:0.5021844070389757):1.1314758447331683,A_1:1.633660251772144):0.0;
A_1:0.42748182881862384;
B_1:0.8344865374097282;
B_1:0.6107628554024713;
B_1:0.202880028191543;
