(A_1:2.7171043043008902,(B_1:0.5338747311116651,C_1:0.5338747311116651):2.1832295731892253):0.0;
B_1:0.40055582600812734;
B_1:0.05446134363332067;
