((B_1:0.8311713357521358,C_1:0.8311713357521358):0.16909923307746932,A_1:1.0002705688296052):0.0;
A_1:0.6703328907397295;
A_1:0.48807036639555057;
A_1:0.4879442750935242;
