(B_1:2.3133158534650446,(C_1:1.619192493654328,A_1:1.619192493654328):0.6941233598107168):0.0;
A_1:0.04985986962131217;
C_1:0.7443443228165442;
C_1:0.2814094516604547;
