(A_1:1.7431832728266747,B_1:1.7431832728266747):0.3912256466046291;
A_1:1.222972802349859;
A_1:0.46747442091605507;
B_1:0.3712727695538959;
B_1:0.27821939346535207;
