(C_1:3.860039593099992,A_1:3.860039593099992):0.0;
A_1:0.8034825259051741;
A_1:0.6864497123925446;
