A_1:1.9162386816721564;
A_1:0.9911524792959269;
C_1:1.315158509954481;
