((B_1:1.2536496028514725,C_1:1.2536496028514725):1.321807996833226,A_1:2.5754575996846985):0.0;
A_1:0.9116729425524492;
A_1:0.4392070747115404;
