(A_1:2.4451379497547365,B_1:2.445137949754736):0.0;
A_1:0.5359710212069477;
A_1:0.471104370153856;
