A_1:1.4985732499020743;
A_1:0.6373930629382449;
A_1:0.6165892291995217;
