((A_1:2.7758562391459747,F_1:2.775856239145975):0.8576278658744101,D_1:3.6334841050203854):0.0;
C_1:0.7712501707799103;
D_1:0.7960199679435662;
E_1:0.7007028707053709;
F_1:0.3646896222082042;
