((C_1:1.3638629056429115,A_1:1.3638629056429115):1.2953774432606862,F_1:2.659240348903597):0.0;
((B_1:0.40797398938587603,C_1:0.40797398938587603):1.1717180756785721,D_1:1.5796920650644481):0.5405124346141501;
A_1:1.074367330970813;
B_1:0.6932677056691323;
C_1:0.0011246769434667403;
