F_1:2.380188088820255;
E_1:0.6695048472462076;
