((B_1:0.8416754950257648,C_1:0.8416754950257648):2.7821843796178287,A_1:3.6238598746435935):0.0;
B_1:0.6480415702781049;
C_1:0.5753130946186575;
C_1:0.050156585528812636;
