(B_1:3.285026223525057,(A_1:3.132586379833163,C_1:3.132586379833163):0.1524398436918939):0.0;
A_1:1.1913838989681296;
A_1:0.9166387759612458;
