((B_1:1.544337645535978,C_1:1.544337645535978):0.14588202624753108,A_1:1.6902196717835092):0.0;
A_1:1.2473595924443983;
A_1:0.7895485890097671;
(C_1:0.7198166893661297,B_1:0.7198166893661297):0.7331513150549709;
B_1:0.16799677492791654;
