((C_1:0.7954305945426096,B_1:0.7954305945426096):2.8127472038154977,A_1:3.608177798358107):0.0;
A_1:1.3757373552483811;
A_1:0.6921052584503916;
A_1:0.5378218328672795;
B_1:0.20258343060626544;
