(B_1:4.606437337018893,(A_1:2.37900628440688,C_1:2.37900628440688):2.2274310526120136):0.0;
A_1:0.6102555144811038;
A_1:0.03919477862801557;
