(A_1:2.5011443120174737,B_1:2.5011443120174737):0.0;
A_1:0.1610087789336727;
B_1:1.2727041897711582;
B_1:0.9446336148227634;
