(B_1:2.008016939659254,A_1:2.008016939659254):0.0;
B_1:1.1399499900711065;
B_1:0.48097605103688523;
