(C_1:1.971575774210284,B_1:1.971575774210284):0.0;
A_1:1.1268116509029698;
B_1:0.4194888077050003;
B_1:0.20524923848868903;
