A_1:2.100293078287195;
B_1:0.8285839563332399;
C_1:1.2189689876761396;
C_1:1.197960934710714;
