C_1:2.0594483512455146;
A_1:0.8143773367050791;
