B_1:1.8960579354684002;
B_1:1.1236326538089523;
B_1:0.5490637808301211;
