A_1:2.8782647871263594;
A_1:0.3185087955741779;
