C_1:2.4939553855875505;
C_1:0.9787098035409685;
